269567665;41.22069;-8.558612;-0.149376;0.7194367
269567666;41.22128;-8.558437;-0.1493729;0.7194471
269567667;41.22149;-8.558308;-0.1493706;0.7194508
269567668;41.22166;-8.558122;-0.1493674;0.7194537
269567669;41.222;-8.557437;-0.1493555;0.7194597
269567670;41.22218;-8.557091;-0.1493494;0.7194628
269567671;41.22245;-8.556843;-0.1493451;0.7194675
269567672;41.2233;-8.556345;-0.1493364;0.7194824
269567673;41.22383;-8.556036;-0.149331;0.7194917
269567674;41.22414;-8.55583;-0.1493274;0.7194969
269567675;41.22457;-8.555364;-0.1493193;0.7195044
269567682;41.21406;-8.561243;-0.1494219;0.719321
269567683;41.21438;-8.560586;-0.1494104;0.7193266
269567684;41.21487;-8.560017;-0.1494005;0.7193352
269567685;41.21634;-8.558964;-0.1493821;0.7193609
269567686;41.21685;-8.558784;-0.149379;0.7193698
269567687;41.21716;-8.558765;-0.1493786;0.7193751
269567688;41.21988;-8.558749;-0.1493784;0.7194226
269567731;41.22516;-8.554675;-0.1493073;0.7195147
278970270;41.22049;-8.558764;-0.1493786;0.7194333
278970272;41.22037;-8.55891;-0.1493812;0.7194311
278970273;41.2203;-8.558925;-0.1493814;0.71943
278970274;41.22033;-8.559123;-0.1493849;0.7194304
278970275;41.22008;-8.558609;-0.1493759;0.7194261
278970276;41.22013;-8.558823;-0.1493796;0.719427
278970278;41.2201;-8.558498;-0.149374;0.7194265
278970280;41.22016;-8.55831;-0.1493707;0.7194275
278970281;41.22046;-8.558826;-0.1493797;0.7194328
278970282;41.22039;-8.558369;-0.1493717;0.7194316
278970283;41.22031;-8.558108;-0.1493672;0.7194301
278970284;41.2205;-8.558538;-0.1493747;0.7194335
278970287;41.21999;-8.558671;-0.149377;0.7194246
278970386;41.22061;-8.558676;-0.1493771;0.7194354
278970906;41.2206;-8.558581;-0.1493754;0.7194352
278971117;41.22004;-8.558768;-0.1493787;0.7194253
278973129;41.22048;-8.560234;-0.1494043;0.7194331
278973131;41.22033;-8.559568;-0.1493926;0.7194305
278973135;41.22025;-8.557372;-0.1493543;0.7194291
278973137;41.22031;-8.556788;-0.1493441;0.7194301
278973429;41.22039;-8.560002;-0.1494002;0.7194315
278973430;41.22028;-8.559676;-0.1493945;0.7194297
278973431;41.22021;-8.559367;-0.1493891;0.7194284
278973433;41.22017;-8.559101;-0.1493845;0.7194276
278973618;41.22023;-8.558129;-0.1493675;0.7194288
278973619;41.22023;-8.55864;-0.1493765;0.7194287
278973620;41.22026;-8.55915;-0.1493853;0.7194293
278973622;41.22044;-8.559899;-0.1493984;0.7194325
278973623;41.22056;-8.560246;-0.1494045;0.7194345
278973843;41.22046;-8.556296;-0.1493355;0.7194327
278974123;41.22093;-8.560565;-0.14941;0.7194409
278974125;41.22103;-8.560673;-0.1494119;0.7194427
278974126;41.22106;-8.560775;-0.1494137;0.7194432
278974127;41.22105;-8.560878;-0.1494155;0.719443
278974128;41.22099;-8.560946;-0.1494167;0.7194421
278974129;41.22089;-8.561024;-0.1494181;0.7194403
278974130;41.22049;-8.561198;-0.1494211;0.7194333
278974134;41.2202;-8.560953;-0.1494168;0.7194281
278974140;41.21968;-8.560102;-0.149402;0.7194192
278974146;41.21884;-8.561415;-0.1494249;0.7194045
278974148;41.21849;-8.561839;-0.1494323;0.7193984
525405120;41.21928;-8.560271;-0.1494049;0.7194122
525405121;41.21906;-8.560877;-0.1494155;0.7194083
525405122;41.21847;-8.562034;-0.1494357;0.719398
1103523780;41.22076;-8.560954;-0.1494168;0.7194381
1103523850;41.2207;-8.561;-0.1494176;0.7194369
1103651596;41.21981;-8.556952;-0.149347;0.7194214
1103651609;41.21967;-8.55876;-0.1493785;0.7194189
1103651615;41.22033;-8.557367;-0.1493542;0.7194304
1103651620;41.21847;-8.557235;-0.1493519;0.719398
1103651643;41.21429;-8.557996;-0.1493652;0.7193251
1103651646;41.21352;-8.558257;-0.1493698;0.7193115
1103651653;41.215;-8.55776;-0.1493611;0.7193374
1103651659;41.21569;-8.55444;-0.1493031;0.7193495
1103651666;41.21961;-8.55647;-0.1493386;0.7194179
1103651670;41.21577;-8.557501;-0.1493566;0.719351
1103651672;41.21801;-8.557534;-0.1493572;0.71939
1103651675;41.21294;-8.558445;-0.149373;0.7193015
1103651715;41.22007;-8.555989;-0.1493302;0.7194259
1103651717;41.22036;-8.559365;-0.1493891;0.719431
1103651721;41.216;-8.55917;-0.1493857;0.719355
1103651724;41.21685;-8.55526;-0.1493174;0.7193696
1103651727;41.21884;-8.556994;-0.1493477;0.7194045
1103651733;41.21624;-8.557906;-0.1493636;0.719359
1103651735;41.21683;-8.557344;-0.1493538;0.7193694
1103651748;41.21947;-8.560117;-0.1494022;0.7194154
1103651751;41.21347;-8.555434;-0.1493205;0.7193108
1103651754;41.21544;-8.559596;-0.1493931;0.719345
1103651757;41.21903;-8.557517;-0.1493568;0.7194079
1103651759;41.21456;-8.556479;-0.1493387;0.7193298
1103651760;41.21621;-8.557306;-0.1493532;0.7193586
1103651762;41.21991;-8.560261;-0.1494047;0.7194231
1103651784;41.21424;-8.556232;-0.1493344;0.7193243
1103651787;41.21366;-8.555626;-0.1493238;0.7193141
1103651789;41.2189;-8.557858;-0.1493628;0.7194056
1103651793;41.21901;-8.557744;-0.1493608;0.7194074
1103651797;41.21994;-8.556514;-0.1493393;0.7194237
1103651804;41.21592;-8.557369;-0.1493543;0.7193535
1103651827;41.22038;-8.561189;-0.1494209;0.7194314
1103651830;41.21328;-8.55833;-0.149371;0.7193074
1103651834;41.21875;-8.557858;-0.1493628;0.7194029
1103651839;41.22019;-8.557366;-0.1493542;0.719428
1103651843;41.21978;-8.556476;-0.1493387;0.7194209
1103651847;41.21392;-8.558123;-0.1493674;0.7193186
1103651857;41.21866;-8.557725;-0.1493605;0.7194013
1103651870;41.21431;-8.556282;-0.1493353;0.7193254
1113220224;41.20626;-8.547446;-0.1491811;0.719185
1113220310;41.20678;-8.547244;-0.1491776;0.7191939
1149024601;41.21088;-8.554255;-0.1492999;0.7192655
1149024605;41.21143;-8.555017;-0.1493132;0.7192752
1149024618;41.21127;-8.554566;-0.1493053;0.7192724
1155459098;41.21054;-8.561506;-0.1494265;0.7192596
1155459100;41.21681;-8.553118;-0.1492801;0.719369
1155459105;41.21641;-8.553565;-0.1492879;0.719362
1155459154;41.21573;-8.553809;-0.1492921;0.7193502
1155459155;41.21045;-8.562899;-0.1494508;0.719258
1155459157;41.21048;-8.561719;-0.1494302;0.7192585
1155459162;41.21754;-8.553292;-0.1492831;0.7193817
1155459167;41.21631;-8.553651;-0.1492894;0.7193603
1155459178;41.21069;-8.555464;-0.149321;0.7192622
1155459187;41.21648;-8.553369;-0.1492844;0.7193632
1155459230;41.21621;-8.553736;-0.1492908;0.7193585
1155459233;41.21067;-8.555626;-0.1493238;0.7192619
1155459234;41.21428;-8.553962;-0.1492948;0.7193249
1155459238;41.21505;-8.553813;-0.1492922;0.7193384
1155459245;41.21784;-8.553562;-0.1492878;0.7193871
1155459251;41.21151;-8.559906;-0.1493986;0.7192766
1155459304;41.21345;-8.554228;-0.1492994;0.7193104
1155459309;41.21074;-8.555323;-0.1493185;0.7192631
1155459316;41.21738;-8.55321;-0.1492817;0.7193791
1155459318;41.21154;-8.559745;-0.1493957;0.7192771
1155459344;41.21662;-8.553205;-0.1492816;0.7193657
1155459352;41.21782;-8.553701;-0.1492902;0.7193866
1155503701;41.21931;-8.554054;-0.1492964;0.7194127
1155503704;41.21962;-8.554042;-0.1492962;0.7194182
1155503714;41.21988;-8.553968;-0.1492949;0.7194225
1155503716;41.21839;-8.553913;-0.1492939;0.7193967
1155503724;41.21807;-8.553741;-0.1492909;0.7193911
1155513006;41.21279;-8.549531;-0.1492175;0.7192989
1155513008;41.21269;-8.549494;-0.1492168;0.7192972
1155513023;41.21914;-8.553187;-0.1492813;0.7194098
1155513024;41.21259;-8.549329;-0.1492139;0.7192954
1155513027;41.21075;-8.547958;-0.14919;0.7192634
1155513029;41.21875;-8.552862;-0.1492756;0.7194029
1155513031;41.21671;-8.551639;-0.1492542;0.7193672
1155513034;41.20728;-8.5471;-0.149175;0.7192028
1155513037;41.20878;-8.547385;-0.14918;0.7192289
1155513039;41.21811;-8.552304;-0.1492659;0.7193916
1155513046;41.2134;-8.549549;-0.1492178;0.7193096
1155513047;41.21966;-8.553576;-0.1492881;0.7194188
1155513048;41.21108;-8.547942;-0.1491897;0.7192691
1155513050;41.21715;-8.551977;-0.1492602;0.719375
1155513051;41.21009;-8.547835;-0.1491879;0.7192517
1155513053;41.21297;-8.549524;-0.1492174;0.7193021
1155513057;41.21495;-8.550362;-0.149232;0.7193365
1155513067;41.21447;-8.550024;-0.1492261;0.7193283
1155513068;41.21122;-8.547889;-0.1491888;0.7192714
1155513069;41.21239;-8.54852;-0.1491998;0.719292
1155513070;41.20794;-8.547407;-0.1491804;0.7192142
1155513071;41.21589;-8.551054;-0.149244;0.719353
1155513072;41.20946;-8.547547;-0.1491828;0.7192407
1155513073;41.2118;-8.547849;-0.1491881;0.7192816
1158156458;41.21169;-8.547612;-0.149184;0.7192796
1158156467;41.21154;-8.547366;-0.1491797;0.7192771
1158156470;41.223;-8.547658;-0.1491848;0.7194771
1158156481;41.22161;-8.546943;-0.1491723;0.7194529
1158156501;41.21373;-8.545986;-0.1491556;0.7193152
1158156502;41.21394;-8.545871;-0.1491536;0.7193189
1158156504;41.21411;-8.545831;-0.1491529;0.7193218
1158156506;41.21466;-8.545775;-0.1491519;0.7193315
1158156508;41.21447;-8.545827;-0.1491528;0.7193281
1158156510;41.21491;-8.545541;-0.1491478;0.7193359
1158156518;41.2114;-8.547489;-0.1491818;0.7192746
1158156524;41.2116;-8.54775;-0.1491864;0.719278
1158156527;41.22316;-8.547675;-0.1491851;0.7194798
1158156555;41.22064;-8.546454;-0.1491638;0.7194359
1158156559;41.22286;-8.547577;-0.1491834;0.7194746
1158156561;41.21238;-8.547119;-0.1491754;0.7192916
1158156582;41.21291;-8.546865;-0.1491709;0.7193009
1158156607;41.21325;-8.546541;-0.1491653;0.7193069
1158156613;41.21355;-8.546158;-0.1491586;0.7193121
1158156616;41.21169;-8.547544;-0.1491828;0.7192796
1158156619;41.21164;-8.547713;-0.1491857;0.7192789
1158156620;41.21263;-8.547013;-0.1491735;0.7192961
1158156636;41.21165;-8.547422;-0.1491807;0.7192789
1158156640;41.21165;-8.547709;-0.1491857;0.7192789
1158156643;41.2116;-8.547383;-0.14918;0.7192782
1158156646;41.22335;-8.547508;-0.1491822;0.7194832
1158156651;41.21155;-8.547766;-0.1491867;0.7192772
1158156658;41.21894;-8.545681;-0.1491503;0.7194062
1158156660;41.21149;-8.547379;-0.1491799;0.7192761
1158156663;41.21132;-8.547827;-0.1491877;0.7192733
1158156665;41.21142;-8.547685;-0.1491852;0.7192749
1158156667;41.21144;-8.547414;-0.1491805;0.7192754
1158156669;41.21139;-8.547558;-0.149183;0.7192745
1158156677;41.2114;-8.547628;-0.1491843;0.7192746
1158156678;41.22343;-8.547402;-0.1491803;0.7194847
1158156680;41.21146;-8.547737;-0.1491861;0.7192757
1158156684;41.21151;-8.547762;-0.1491866;0.7192765
1158202505;41.21167;-8.547466;-0.1491814;0.7192793
1158203141;41.21168;-8.547652;-0.1491847;0.7192795
1159071653;41.20928;-8.547508;-0.1491822;0.7192376
1159071655;41.20703;-8.547119;-0.1491754;0.7191983
1159931443;41.20984;-8.54504;-0.1491391;0.7192474
1159931475;41.22329;-8.547616;-0.149184;0.7194821
1159931525;41.22342;-8.547846;-0.1491881;0.7194843
1160057027;41.21037;-8.54629;-0.1491609;0.7192567
1160057028;41.21018;-8.546022;-0.1491562;0.7192533
1160107522;41.20745;-8.547185;-0.1491765;0.7192057
1160107526;41.21053;-8.546468;-0.149164;0.7192594
1167369708;41.21263;-8.552877;-0.1492759;0.7192961
1167369713;41.21209;-8.554104;-0.1492973;0.7192867
1167373126;41.21122;-8.553542;-0.1492875;0.7192714
1173424893;41.21311;-8.551722;-0.1492557;0.7193044
1173424898;41.21274;-8.554168;-0.1492984;0.7192981
1173424921;41.2131;-8.549374;-0.1492147;0.7193044
1173424923;41.21141;-8.553189;-0.1492813;0.7192748
1173424924;41.21325;-8.549551;-0.1492178;0.7193069
1173424927;41.21321;-8.549294;-0.1492133;0.7193062
1173424932;41.21161;-8.553777;-0.1492916;0.7192783
1173424934;41.21329;-8.549363;-0.1492145;0.7193076
1173424938;41.21387;-8.552365;-0.1492669;0.7193177
1173424941;41.21313;-8.549533;-0.1492175;0.7193049
1173424961;41.21524;-8.553511;-0.1492869;0.7193417
1173424965;41.21526;-8.553679;-0.1492899;0.719342
1173424969;41.21526;-8.553608;-0.1492886;0.719342
1173424975;41.21153;-8.552883;-0.149276;0.7192768
1173424981;41.21311;-8.549499;-0.1492169;0.7193044
1173424983;41.21138;-8.553632;-0.149289;0.7192743
1173424999;41.2133;-8.549447;-0.149216;0.7193078
1173425001;41.21563;-8.553417;-0.1492853;0.7193484
1173425005;41.2133;-8.549404;-0.1492153;0.7193078
1173425011;41.21183;-8.55391;-0.1492939;0.719282
1173425013;41.21318;-8.549295;-0.1492134;0.7193057
1173425014;41.21322;-8.549566;-0.1492181;0.7193064
1173425017;41.21433;-8.551038;-0.1492438;0.7193257
1173425020;41.2131;-8.549416;-0.1492154;0.7193042
1173425044;41.21316;-8.549557;-0.1492179;0.7193053
1173425045;41.2131;-8.549459;-0.1492162;0.7193042
1173425049;41.21329;-8.549489;-0.1492167;0.7193077
1173425051;41.21443;-8.550225;-0.1492296;0.7193275
1173425055;41.21239;-8.551147;-0.1492457;0.719292
1173425058;41.213;-8.554406;-0.1493026;0.7193025
1173425061;41.21525;-8.553819;-0.1492923;0.7193418
1173425086;41.21565;-8.553248;-0.1492824;0.7193488
1173425092;41.21336;-8.553468;-0.1492862;0.7193089
1173425096;41.21328;-8.549524;-0.1492174;0.7193074
1173425099;41.21559;-8.553827;-0.1492925;0.7193478
1173425101;41.21337;-8.553473;-0.1492863;0.719309
1173425104;41.21284;-8.554206;-0.1492991;0.7192997
1173425131;41.21327;-8.54933;-0.149214;0.7193073
1173425135;41.21435;-8.550918;-0.1492417;0.7193261
1173425139;41.2165;-8.551982;-0.1492602;0.7193637
1173425143;41.21581;-8.552948;-0.1492771;0.7193515
1173425146;41.21315;-8.549311;-0.1492136;0.7193052
1173425149;41.21143;-8.551856;-0.149258;0.7192751
1173425152;41.2156;-8.55375;-0.1492911;0.7193478
1173425172;41.21571;-8.553117;-0.1492801;0.7193497
1173425174;41.21298;-8.554342;-0.1493014;0.7193022
1173425176;41.21384;-8.553886;-0.1492935;0.7193171
1173425177;41.21215;-8.554154;-0.1492982;0.7192877
1173425178;41.21223;-8.554179;-0.1492986;0.7192891
1173425180;41.21613;-8.552562;-0.1492704;0.7193573
1173425182;41.21428;-8.551239;-0.1492473;0.7193249
1173425185;41.21186;-8.552227;-0.1492645;0.7192826
1173425202;41.21312;-8.549337;-0.1492141;0.7193047
1173425204;41.21641;-8.552177;-0.1492637;0.719362
1173425208;41.21292;-8.55427;-0.1493002;0.7193012
1173439977;41.22069;-8.555319;-0.1493185;0.7194367
1173439981;41.21713;-8.551965;-0.1492599;0.7193746
1173439982;41.21405;-8.552512;-0.1492695;0.7193208
1173439983;41.2207;-8.555046;-0.1493137;0.7194369
1173439992;41.21704;-8.553137;-0.1492804;0.719373
1173439995;41.22024;-8.553077;-0.1492794;0.7194288
1173439996;41.22067;-8.555481;-0.1493213;0.7194365
1173439997;41.21741;-8.548782;-0.1492044;0.7193795
1173440009;41.21931;-8.552882;-0.149276;0.7194127
1173440011;41.22064;-8.554432;-0.149303;0.7194359
1173440014;41.21719;-8.551332;-0.1492489;0.7193757
1173440015;41.21976;-8.552646;-0.1492718;0.7194206
1173440016;41.21683;-8.551593;-0.1492535;0.7193694
1173440017;41.21967;-8.552657;-0.149272;0.7194189
1173440022;41.21468;-8.553042;-0.1492787;0.7193319
1173440023;41.21676;-8.55168;-0.149255;0.7193682
1173440025;41.21627;-8.54933;-0.149214;0.7193596
1173440026;41.21716;-8.551517;-0.1492521;0.7193751
1173440028;41.2194;-8.552772;-0.149274;0.7194143
1173440030;41.21733;-8.549673;-0.1492199;0.7193781
1173440033;41.21288;-8.552242;-0.1492648;0.7193005
1173440039;41.21951;-8.552694;-0.1492727;0.7194162
1173440044;41.21412;-8.55243;-0.1492681;0.719322
1173440045;41.22032;-8.553253;-0.1492824;0.7194303
1173440046;41.21639;-8.54905;-0.1492091;0.7193618
1173440049;41.22066;-8.554564;-0.1493053;0.7194362
1173440050;41.22035;-8.553348;-0.1492841;0.7194308
1173440051;41.21652;-8.548905;-0.1492065;0.719364
1173440057;41.21669;-8.548812;-0.1492049;0.719367
1173440058;41.22064;-8.555666;-0.1493245;0.7194359
1173440059;41.21593;-8.550858;-0.1492406;0.7193536
1173440060;41.21923;-8.553007;-0.1492781;0.7194113
1173440062;41.21734;-8.548419;-0.1491981;0.7193784
1173440063;41.21471;-8.552926;-0.1492767;0.7193325
1173440065;41.22057;-8.555923;-0.149329;0.7194347
1173440074;41.21409;-8.552436;-0.1492682;0.7193216
1173440075;41.22069;-8.554867;-0.1493106;0.7194368
1173440076;41.21729;-8.550193;-0.149229;0.7193774
1173440080;41.21471;-8.552964;-0.1492774;0.7193325
1173440082;41.21721;-8.551113;-0.1492451;0.7193761
1173440083;41.22016;-8.552935;-0.1492769;0.7194275
1173440084;41.22067;-8.554688;-0.1493075;0.7194365
1173440093;41.21743;-8.548552;-0.1492004;0.7193799
1173440095;41.2162;-8.549568;-0.1492181;0.7193584
1173440097;41.2207;-8.555174;-0.149316;0.7194369
1173440099;41.21332;-8.55262;-0.1492714;0.7193081
1173440100;41.22003;-8.552816;-0.1492748;0.7194253
1173440101;41.21989;-8.552709;-0.1492729;0.7194228
1173444003;41.2201;-8.549673;-0.1492199;0.7194265
1173444005;41.22104;-8.550021;-0.149226;0.7194428
1173444006;41.21962;-8.55169;-0.1492551;0.7194181
1173444008;41.2202;-8.549687;-0.1492202;0.7194282
1173444024;41.21899;-8.551417;-0.1492504;0.7194071
1173444027;41.22042;-8.550367;-0.1492321;0.7194321
1173444029;41.2196;-8.551833;-0.1492576;0.7194178
1173444030;41.22111;-8.550091;-0.1492272;0.719444
1173444034;41.22084;-8.549911;-0.1492241;0.7194394
1173444037;41.21952;-8.55006;-0.1492267;0.7194164
1173444039;41.21965;-8.55152;-0.1492522;0.7194187
1173444041;41.22019;-8.550381;-0.1492323;0.719428
1173444058;41.22021;-8.550328;-0.1492314;0.7194285
1173444060;41.22015;-8.550444;-0.1492334;0.7194274
1173444062;41.22042;-8.549761;-0.1492215;0.7194321
1173444063;41.2196;-8.551936;-0.1492594;0.7194178
1173444067;41.22071;-8.549869;-0.1492234;0.7194371
1173444068;41.21964;-8.54976;-0.1492215;0.7194185
1173444069;41.2203;-8.54972;-0.1492208;0.7194299
1173444072;41.21924;-8.551647;-0.1492544;0.7194114
1173444073;41.21999;-8.549664;-0.1492198;0.7194246
1173444086;41.22102;-8.550358;-0.1492319;0.7194426
1173444089;41.21982;-8.551129;-0.1492454;0.7194216
1173444091;41.22048;-8.549786;-0.1492219;0.7194331
1173444093;41.22097;-8.549967;-0.1492251;0.7194417
1173444094;41.21983;-8.549653;-0.1492196;0.7194217
1173444096;41.22115;-8.550142;-0.1492281;0.7194447
1173444098;41.21933;-8.550532;-0.1492349;0.7194131
1173444099;41.21967;-8.549654;-0.1492196;0.7194189
1173452710;41.22132;-8.547164;-0.1491762;0.7194477
1173452715;41.21883;-8.548393;-0.1491976;0.7194043
1173452717;41.21943;-8.548225;-0.1491947;0.7194147
1173452720;41.21964;-8.547015;-0.1491736;0.7194184
1173452723;41.21931;-8.548387;-0.1491975;0.7194127
1173452725;41.21936;-8.546822;-0.1491702;0.7194136
1173452726;41.22048;-8.547834;-0.1491878;0.7194331
1173452728;41.21738;-8.551143;-0.1492456;0.7193791
1173452732;41.21987;-8.549021;-0.1492086;0.7194225
1173452741;41.22084;-8.547855;-0.1491882;0.7194394
1173452743;41.21951;-8.549621;-0.149219;0.7194161
1173452745;41.21952;-8.549489;-0.1492167;0.7194163
1173452747;41.2178;-8.550274;-0.1492304;0.7193863
1173452749;41.2195;-8.549589;-0.1492185;0.719416
1173452750;41.22038;-8.547789;-0.1491871;0.7194313
1173452752;41.22097;-8.547724;-0.1491859;0.7194417
1173452761;41.21822;-8.550453;-0.1492336;0.7193936
1173452763;41.21918;-8.549819;-0.1492225;0.7194104
1173452766;41.22003;-8.548797;-0.1492046;0.7194252
1173452768;41.22034;-8.548145;-0.1491933;0.7194306
1173452769;41.22141;-8.546825;-0.1491702;0.7194493
1173452772;41.21949;-8.549549;-0.1492178;0.7194159
1173452774;41.22042;-8.547836;-0.1491879;0.7194321
1173452776;41.21938;-8.548344;-0.1491967;0.7194139
1173452786;41.21954;-8.549638;-0.1492193;0.7194167
1173452789;41.22008;-8.547482;-0.1491817;0.7194262
1173452790;41.22026;-8.547688;-0.1491853;0.7194293
1173452792;41.21843;-8.550908;-0.1492415;0.7193974
1173452794;41.21964;-8.547019;-0.1491736;0.7194185
1173452795;41.21876;-8.547625;-0.1491842;0.7194031
1173452796;41.22138;-8.546948;-0.1491724;0.7194487
1173452805;41.21989;-8.548688;-0.1492027;0.7194228
1173452808;41.22064;-8.548079;-0.1491921;0.7194359
1173452809;41.22016;-8.548597;-0.1492012;0.7194275
1173452812;41.22025;-8.548475;-0.149199;0.719429
1173452814;41.22029;-8.548305;-0.1491961;0.7194297
1173452818;41.21814;-8.548396;-0.1491977;0.7193923
1173452819;41.21818;-8.549944;-0.1492247;0.719393
1173452821;41.21916;-8.549774;-0.1492217;0.7194101
1173452830;41.21867;-8.550975;-0.1492427;0.7194016
1173452833;41.21897;-8.546845;-0.1491706;0.7194067
1173452834;41.21841;-8.550784;-0.1492393;0.7193971
1173452837;41.21806;-8.550113;-0.1492276;0.7193909
1173452839;41.21949;-8.547856;-0.1491882;0.7194158
1173452841;41.21888;-8.547173;-0.1491763;0.7194052
1173452843;41.22039;-8.547967;-0.1491902;0.7194315
1173452851;41.21873;-8.548396;-0.1491977;0.7194026
1173452854;41.2189;-8.550265;-0.1492303;0.7194055
1173452856;41.22113;-8.547509;-0.1491822;0.7194444
1173452858;41.21774;-8.550817;-0.1492399;0.7193852
1173452861;41.22008;-8.548715;-0.1492032;0.7194261
1173452863;41.21802;-8.550609;-0.1492363;0.7193902
1173452869;41.2194;-8.548322;-0.1491964;0.7194143
1173452876;41.2205;-8.548204;-0.1491943;0.7194335
1173452878;41.21834;-8.549921;-0.1492243;0.7193958
1173452880;41.22077;-8.547852;-0.1491882;0.7194381
1173452881;41.21965;-8.548495;-0.1491994;0.7194186
1173452882;41.21883;-8.549623;-0.1492191;0.7194043
1173452885;41.21904;-8.546667;-0.1491675;0.719408
1173452887;41.21984;-8.547222;-0.1491772;0.7194219
1173452896;41.21914;-8.549696;-0.1492203;0.7194096
1173452898;41.21956;-8.546944;-0.1491723;0.719417
1173452901;41.22077;-8.547941;-0.1491897;0.7194381
1173452902;41.21961;-8.549644;-0.1492194;0.7194179
1173452905;41.22056;-8.547829;-0.1491878;0.7194344
1173452907;41.21864;-8.551093;-0.1492447;0.7194009
1173452910;41.21806;-8.552289;-0.1492656;0.7193909
1173452913;41.2172;-8.551286;-0.1492481;0.7193758
1173452922;41.21945;-8.54687;-0.149171;0.7194151
1173452923;41.21812;-8.550523;-0.1492348;0.719392
1173452924;41.21778;-8.552193;-0.1492639;0.719386
1173452925;41.21874;-8.547783;-0.149187;0.7194028
1173452927;41.21799;-8.550189;-0.1492289;0.7193897
1173452929;41.22107;-8.547613;-0.149184;0.7194434
1173452931;41.22062;-8.547842;-0.149188;0.7194356
1173452940;41.21827;-8.55055;-0.1492352;0.7193945
1173452942;41.21906;-8.549628;-0.1492192;0.7194082
1173452945;41.21827;-8.551235;-0.1492472;0.7193944
1173452948;41.21778;-8.55079;-0.1492394;0.719386
1173452950;41.22123;-8.547338;-0.1491792;0.7194461
1173452951;41.21901;-8.546669;-0.1491675;0.7194074
1173452953;41.22069;-8.547848;-0.1491881;0.7194367
1173452954;41.21901;-8.549612;-0.1492189;0.7194074
1173452966;41.21786;-8.550265;-0.1492303;0.7193874
1173452968;41.21826;-8.549935;-0.1492245;0.7193943
1173452971;41.21794;-8.550233;-0.1492297;0.7193888
1173452972;41.219;-8.548394;-0.1491976;0.7194072
1173452973;41.21846;-8.55087;-0.1492408;0.7193979
1173452976;41.2186;-8.548394;-0.1491976;0.7194002
1173452978;41.21951;-8.547694;-0.1491854;0.7194162
1173452989;41.2189;-8.549617;-0.149219;0.7194055
1173452991;41.21871;-8.548394;-0.1491976;0.7194023
1173457679;41.21904;-8.54996;-0.149225;0.7194079
1173457680;41.21829;-8.550397;-0.1492326;0.7193949
1173457683;41.21817;-8.548396;-0.1491977;0.7193927
1173457690;41.21843;-8.54612;-0.1491579;0.7193972
1173457691;41.21773;-8.547369;-0.1491797;0.7193851
1173457692;41.21748;-8.547988;-0.1491905;0.7193807
1173457693;41.21857;-8.545838;-0.149153;0.7193998
1173457694;41.2176;-8.547576;-0.1491833;0.7193829
1173457697;41.21799;-8.546897;-0.1491715;0.7193897
1173457698;41.21824;-8.546465;-0.1491639;0.7193939
1173457701;41.21869;-8.550147;-0.1492282;0.7194019
1173457703;41.21838;-8.550335;-0.1492315;0.7193965
1173457705;41.21818;-8.549266;-0.1492128;0.719393
1173457706;41.21751;-8.547819;-0.1491876;0.7193813
1173457707;41.21748;-8.548393;-0.1491976;0.7193807
1173486530;41.21522;-8.549381;-0.1492148;0.7193413
1173486533;41.21127;-8.545979;-0.1491555;0.7192724
1173486536;41.21624;-8.546126;-0.149158;0.719359
1173486540;41.21532;-8.546924;-0.149172;0.7193431
1173486567;41.215;-8.548293;-0.1491959;0.7193374
1173486571;41.2135;-8.547656;-0.1491847;0.7193112
1173486579;41.21514;-8.548621;-0.1492016;0.7193398
1173486583;41.21555;-8.546626;-0.1491668;0.719347
1173486590;41.21357;-8.547684;-0.1491852;0.7193125
1173486610;41.21513;-8.548294;-0.1491959;0.7193398
1173486612;41.21301;-8.547437;-0.1491809;0.7193028
1173486614;41.21508;-8.548194;-0.1491941;0.7193388
1173486618;41.21618;-8.546122;-0.149158;0.719358
1173486622;41.21504;-8.548371;-0.1491972;0.7193381
1173486625;41.2154;-8.546577;-0.1491659;0.7193445
1173486631;41.21283;-8.548282;-0.1491957;0.7192996
1173486653;41.21461;-8.548173;-0.1491938;0.7193307
1173486658;41.21611;-8.546116;-0.1491579;0.7193568
1173486660;41.21507;-8.548378;-0.1491973;0.7193386
1173486666;41.215;-8.548326;-0.1491964;0.7193375
1173486685;41.21126;-8.546123;-0.149158;0.7192721
1173486689;41.21505;-8.548193;-0.1491941;0.7193384
1173486693;41.21513;-8.548261;-0.1491953;0.7193398
1173486739;41.21512;-8.548229;-0.1491947;0.7193396
1173486765;41.21511;-8.548354;-0.1491969;0.7193394
1173486777;41.21131;-8.545789;-0.1491521;0.719273
1173486798;41.21521;-8.547262;-0.1491779;0.7193411
1173486801;41.21141;-8.545445;-0.1491462;0.7192748
1173486807;41.21448;-8.548803;-0.1492048;0.7193283
1173486809;41.21601;-8.546111;-0.1491578;0.7193552
1173486812;41.21626;-8.546082;-0.1491573;0.7193594
1173486815;41.21144;-8.545369;-0.1491448;0.7192754
1173486819;41.21499;-8.550239;-0.1492298;0.7193372
1173486838;41.21502;-8.548353;-0.1491969;0.7193378
1173486840;41.21366;-8.547699;-0.1491855;0.7193141
1173486843;41.215;-8.548259;-0.1491953;0.7193375
1173486861;41.21136;-8.54687;-0.149171;0.719274
1173486863;41.21516;-8.548135;-0.1491931;0.7193403
1173486865;41.21543;-8.547028;-0.1491738;0.7193449
1173486867;41.21593;-8.546143;-0.1491583;0.7193537
1173486871;41.21503;-8.548079;-0.1491921;0.719338
1173486878;41.21452;-8.548022;-0.1491911;0.7193291
1173486898;41.21533;-8.546988;-0.1491731;0.7193432
1173486909;41.21537;-8.547029;-0.1491738;0.7193438
1173486915;41.21535;-8.547258;-0.1491778;0.7193435
1173486940;41.2123;-8.547158;-0.149176;0.7192903
1173486949;41.21547;-8.546974;-0.1491728;0.7193456
1173486959;41.21558;-8.546473;-0.1491641;0.7193477
1173486964;41.20987;-8.547812;-0.1491875;0.719248
1173486968;41.21436;-8.548757;-0.149204;0.7193263
1173486971;41.21543;-8.546535;-0.1491652;0.719345
1173486987;41.21535;-8.547318;-0.1491788;0.7193436
1173486994;41.21464;-8.548061;-0.1491918;0.7193312
1173486998;41.21125;-8.546445;-0.1491636;0.719272
1173487005;41.21513;-8.548327;-0.1491965;0.7193397
1173487010;41.21526;-8.547205;-0.1491769;0.7193419
1173487019;41.2145;-8.54813;-0.149193;0.7193288
1173487036;41.21152;-8.547371;-0.1491798;0.7192767
1173487048;41.21531;-8.547207;-0.1491769;0.7193428
1173487049;41.21147;-8.547222;-0.1491772;0.7192759
1173487052;41.21125;-8.546281;-0.1491607;0.719272
1173487101;41.21519;-8.549139;-0.1492106;0.7193408
1173487104;41.21062;-8.547942;-0.1491897;0.7192609
1173494107;41.21016;-8.551378;-0.1492497;0.7192529
1174116407;41.22178;-8.548995;-0.1492081;0.7194558
1174116410;41.21126;-8.546114;-0.1491578;0.7192722
1174116436;41.22133;-8.550389;-0.1492324;0.719448
1174116445;41.21666;-8.546466;-0.149164;0.7193664
1174116472;41.22061;-8.545953;-0.149155;0.7194354
1174116476;41.22171;-8.550574;-0.1492357;0.7194545
1174116479;41.22098;-8.546006;-0.1491559;0.7194418
1174116517;41.22147;-8.550633;-0.1492367;0.7194504
1174116534;41.21315;-8.546652;-0.1491672;0.7193052
1174116545;41.2112;-8.551186;-0.1492463;0.7192712
1174116581;41.21109;-8.551677;-0.1492549;0.7192692
1174116585;41.21125;-8.551741;-0.149256;0.719272
1174116601;41.21161;-8.546217;-0.1491596;0.7192782
1174116613;41.2205;-8.553589;-0.1492883;0.7194335
1174116615;41.22189;-8.549675;-0.14922;0.7194577
1174116617;41.22059;-8.55349;-0.1492866;0.719435
1174116627;41.22179;-8.551529;-0.1492523;0.7194559
1174116630;41.22176;-8.551665;-0.1492547;0.7194554
1174116634;41.22044;-8.552728;-0.1492733;0.7194324
1174116639;41.22054;-8.545712;-0.1491508;0.7194342
1174116648;41.22124;-8.552582;-0.1492707;0.7194464
1174116653;41.22079;-8.552151;-0.1492632;0.7194385
1174116673;41.21981;-8.552659;-0.1492721;0.7194213
1174116678;41.22167;-8.550574;-0.1492357;0.7194539
1174116682;41.22168;-8.54884;-0.1492054;0.7194541
1174116684;41.21694;-8.546763;-0.1491692;0.7193713
1174116690;41.22072;-8.553326;-0.1492837;0.7194373
1174116692;41.22125;-8.550262;-0.1492302;0.7194465
1174116712;41.21645;-8.54625;-0.1491602;0.7193627
1174116717;41.22189;-8.549459;-0.1492162;0.7194577
1174116724;41.22059;-8.546445;-0.1491636;0.719435
1174116751;41.22183;-8.54911;-0.1492101;0.7194567
1174116753;41.22187;-8.549219;-0.149212;0.7194574
1174116757;41.2212;-8.548096;-0.1491924;0.7194456
1174116761;41.22037;-8.553708;-0.1492904;0.7194312
1174116783;41.21737;-8.5472;-0.1491768;0.7193788
1174116785;41.22119;-8.54804;-0.1491915;0.7194455
1174116830;41.20784;-8.547402;-0.1491803;0.7192125
1174116844;41.22044;-8.545521;-0.1491475;0.7194324
1174116863;41.22129;-8.552572;-0.1492705;0.7194473
1174116872;41.22082;-8.553166;-0.1492809;0.719439
1174116875;41.21756;-8.547413;-0.1491805;0.719382
1174116879;41.2212;-8.552585;-0.1492708;0.7194457
1174116881;41.21997;-8.553934;-0.1492943;0.7194242
1174116905;41.22068;-8.545932;-0.1491546;0.7194366
1174116910;41.22213;-8.550792;-0.1492395;0.719462
1174116911;41.22118;-8.552569;-0.1492705;0.7194452
1174116936;41.22146;-8.548514;-0.1491997;0.7194502
1174116969;41.2214;-8.55049;-0.1492342;0.7194491
1174116975;41.22116;-8.546086;-0.1491573;0.719445
1174116978;41.2172;-8.547023;-0.1491737;0.7193758
1174116982;41.22105;-8.547641;-0.1491845;0.719443
1174116984;41.22157;-8.5509;-0.1492414;0.7194521
1174116991;41.22014;-8.553849;-0.1492928;0.7194272
1174116994;41.21304;-8.54662;-0.1491667;0.7193032
1174117007;41.22076;-8.553254;-0.1492824;0.7194381
1174117013;41.22241;-8.550936;-0.149242;0.7194668
1174117027;41.21397;-8.554062;-0.1492965;0.7193195
1174117036;41.222;-8.550727;-0.1492383;0.7194597
1174117056;41.22125;-8.551396;-0.14925;0.7194465
1174117086;41.22139;-8.552519;-0.1492696;0.719449
1174117150;41.21285;-8.54657;-0.1491658;0.7193
1174117162;41.22049;-8.545591;-0.1491487;0.7194332
1174117200;41.21268;-8.546515;-0.1491648;0.7192969
1174117257;41.22136;-8.552547;-0.1492701;0.7194484
1174117262;41.21078;-8.551554;-0.1492528;0.7192639
1174117293;41.22186;-8.54917;-0.1492112;0.7194571
1174117295;41.21588;-8.545773;-0.1491519;0.7193528
1178253244;41.21338;-8.548946;-0.1492073;0.7193091
1178253247;41.21196;-8.550756;-0.1492389;0.7192844
1178253248;41.21324;-8.549306;-0.1492135;0.7193068
1178253256;41.21263;-8.549408;-0.1492153;0.719296
1178253261;41.21247;-8.549682;-0.1492201;0.7192932
1178253262;41.21147;-8.551896;-0.1492587;0.7192759
1178253266;41.2125;-8.549664;-0.1492198;0.7192938
1178253277;41.21159;-8.551394;-0.14925;0.7192779
1178253280;41.21172;-8.551104;-0.1492449;0.7192801
1178253287;41.21062;-8.551507;-0.149252;0.7192611
1178253289;41.21255;-8.549562;-0.149218;0.7192947
1178253293;41.2108;-8.550961;-0.1492424;0.7192641
1178253296;41.21179;-8.551148;-0.1492457;0.7192814
1178253299;41.21139;-8.551834;-0.1492577;0.7192745
1178835891;41.21272;-8.553901;-0.1492937;0.7192977
1178835892;41.21233;-8.553572;-0.149288;0.7192908
1183683993;41.21755;-8.546473;-0.1491641;0.719382
1183683996;41.21805;-8.54603;-0.1491564;0.7193907
1183684005;41.21637;-8.547071;-0.1491745;0.7193613
1183684008;41.21689;-8.547409;-0.1491804;0.7193704
1183684040;41.21812;-8.545466;-0.1491465;0.7193919
1183684049;41.21675;-8.546918;-0.1491719;0.719368
1183684053;41.21688;-8.547339;-0.1491792;0.7193704
1183684088;41.21702;-8.54698;-0.1491729;0.7193727
1183684097;41.21813;-8.545762;-0.1491517;0.7193921
1183684099;41.21766;-8.546317;-0.1491614;0.7193838
1183684102;41.21778;-8.54624;-0.14916;0.7193859
1183684103;41.21626;-8.547135;-0.1491757;0.7193594
1183684104;41.21646;-8.547607;-0.1491839;0.719363
1183684138;41.21811;-8.545903;-0.1491541;0.7193917
1183684142;41.21709;-8.546913;-0.1491718;0.7193739
1183684144;41.2175;-8.546779;-0.1491694;0.7193812
1183684149;41.21751;-8.546585;-0.149166;0.7193813
1183684152;41.21561;-8.547017;-0.1491736;0.719348
1183684154;41.21692;-8.547211;-0.149177;0.7193709
1183684190;41.21795;-8.546111;-0.1491578;0.719389
1183684195;41.21752;-8.547366;-0.1491797;0.7193814
1183684197;41.21654;-8.54691;-0.1491717;0.7193643
1183684204;41.21646;-8.546961;-0.1491726;0.7193629
1183684240;41.21698;-8.547044;-0.149174;0.719372
1183701881;41.21645;-8.550193;-0.149229;0.7193628
1183701890;41.21643;-8.550885;-0.1492411;0.7193624
1183701891;41.21672;-8.549427;-0.1492157;0.7193675
1183701893;41.21653;-8.548535;-0.1492001;0.7193641
1183701895;41.21658;-8.550912;-0.1492416;0.719365
1183701897;41.21727;-8.550395;-0.1492326;0.719377
1183701899;41.21656;-8.548882;-0.1492061;0.7193648
1183701904;41.21653;-8.551504;-0.1492519;0.7193642
1183721285;41.21848;-8.553369;-0.1492844;0.7193983
1183721287;41.21796;-8.553189;-0.1492813;0.7193892
1183721293;41.21895;-8.553312;-0.1492835;0.7194064
1183721294;41.21887;-8.553398;-0.149285;0.7194049
1183721296;41.21893;-8.553382;-0.1492847;0.7194059
1183721298;41.21896;-8.553163;-0.1492808;0.7194065
1183721300;41.21875;-8.553404;-0.1492851;0.719403
1183721302;41.21774;-8.552991;-0.1492779;0.7193852
1183721303;41.21756;-8.552787;-0.1492743;0.719382
1183721305;41.21829;-8.553336;-0.1492839;0.7193949
1183721314;41.21319;-8.554752;-0.1493086;0.7193059
1183721316;41.21704;-8.553635;-0.1492891;0.719373
1183721317;41.21784;-8.55309;-0.1492796;0.719387
1183721318;41.21899;-8.553059;-0.149279;0.719407
1183721319;41.21767;-8.552877;-0.1492759;0.7193841
1183721321;41.21305;-8.55438;-0.1493021;0.7193035
1183721322;41.21806;-8.553259;-0.1492825;0.7193908
1183721324;41.21817;-8.553308;-0.1492834;0.7193928
1183721333;41.21709;-8.552556;-0.1492703;0.7193739
1187070113;41.21994;-8.546693;-0.1491679;0.7194237
1187070120;41.22012;-8.54676;-0.1491691;0.7194268
1187070128;41.2201;-8.547384;-0.14918;0.7194264
1187086308;41.22369;-8.546171;-0.1491588;0.7194891
1187119099;41.22357;-8.552044;-0.1492613;0.719487
1187119100;41.22201;-8.551945;-0.1492596;0.7194598
1187119101;41.22286;-8.551527;-0.1492523;0.7194747
1187119102;41.22299;-8.55173;-0.1492558;0.7194769
1187119103;41.22338;-8.554091;-0.1492971;0.7194837
1187119104;41.22241;-8.554557;-0.1493052;0.7194668
1187119105;41.22202;-8.551599;-0.1492535;0.7194599
1187119106;41.22373;-8.552167;-0.1492635;0.7194898
1187119107;41.22221;-8.554838;-0.1493101;0.7194632
1187119109;41.22171;-8.555161;-0.1493157;0.7194546
1187119110;41.2239;-8.552285;-0.1492655;0.7194928
1187119111;41.22203;-8.555004;-0.149313;0.7194601
1187119112;41.22232;-8.550394;-0.1492325;0.7194651
1187119113;41.22398;-8.552371;-0.149267;0.7194942
1187119114;41.22207;-8.551443;-0.1492508;0.7194609
1187119115;41.22412;-8.552738;-0.1492734;0.7194967
1187119116;41.22235;-8.552475;-0.1492689;0.7194657
1187119118;41.22215;-8.552189;-0.1492639;0.7194622
1187119119;41.2221;-8.55416;-0.1492983;0.7194614
1187119120;41.22284;-8.553438;-0.1492857;0.7194743
1187119121;41.22333;-8.551934;-0.1492594;0.7194828
1187119122;41.22278;-8.551309;-0.1492485;0.7194733
1187119123;41.22224;-8.55232;-0.1492661;0.7194638
1187119124;41.22202;-8.554151;-0.1492981;0.71946
1187119125;41.22273;-8.551136;-0.1492455;0.7194723
1187119126;41.22311;-8.553997;-0.1492954;0.7194791
1187119127;41.22197;-8.55184;-0.1492578;0.7194591
1187119128;41.22244;-8.550565;-0.1492355;0.7194673
1187119129;41.22148;-8.554485;-0.1493039;0.7194505
1187119130;41.2223;-8.549544;-0.1492177;0.7194648
1187119131;41.22262;-8.550895;-0.1492413;0.7194705
1187119132;41.2218;-8.555477;-0.1493212;0.7194561
1187119133;41.22223;-8.550249;-0.14923;0.7194637
1187119134;41.2213;-8.55394;-0.1492944;0.7194474
1187119135;41.2219;-8.554219;-0.1492993;0.7194578
1187119136;41.22287;-8.553719;-0.1492905;0.7194749
1187119137;41.22292;-8.551642;-0.1492543;0.7194757
1187119138;41.22316;-8.551846;-0.1492579;0.7194799
1187119139;41.22286;-8.553022;-0.1492784;0.7194746
1187121668;41.22297;-8.555345;-0.1493189;0.7194765
1187121669;41.2248;-8.554961;-0.1493122;0.7195086
1187121673;41.22231;-8.556944;-0.1493468;0.719465
1187121676;41.22206;-8.556183;-0.1493336;0.7194607
1187121678;41.22082;-8.55658;-0.1493405;0.719439
1187121679;41.22366;-8.554187;-0.1492987;0.7194885
1187121680;41.22414;-8.554501;-0.1493042;0.719497
1187121681;41.22247;-8.555834;-0.1493275;0.7194678
1187121682;41.22331;-8.55407;-0.1492967;0.7194825
1187121683;41.22134;-8.557386;-0.1493546;0.7194481
1187121685;41.22155;-8.557626;-0.1493587;0.7194518
1187121690;41.2243;-8.554599;-0.1493059;0.7194998
1187121693;41.22157;-8.555713;-0.1493254;0.719452
1187121694;41.2237;-8.554207;-0.1492991;0.7194893
1187121695;41.22117;-8.556984;-0.1493475;0.7194452
1187121696;41.22187;-8.556864;-0.1493454;0.7194573
1187121698;41.22224;-8.556046;-0.1493312;0.7194638
1187121699;41.22484;-8.555031;-0.1493134;0.7195092
1187121703;41.22179;-8.55788;-0.1493632;0.719456
1187130533;41.21695;-8.556426;-0.1493378;0.7193715
1187130534;41.21687;-8.556268;-0.149335;0.71937
1187130535;41.21795;-8.555503;-0.1493217;0.719389
1187130536;41.21163;-8.559696;-0.1493949;0.7192787
1187130537;41.21552;-8.554342;-0.1493014;0.7193466
1187130538;41.21284;-8.560726;-0.1494129;0.7192997
1187130539;41.21693;-8.556322;-0.149336;0.7193711
1187130540;41.21688;-8.557353;-0.149354;0.7193704
1187130541;41.21756;-8.557462;-0.1493559;0.7193821
1187130542;41.21287;-8.556252;-0.1493348;0.7193003
1187130543;41.21647;-8.556219;-0.1493342;0.7193631
1187130544;41.21693;-8.55673;-0.1493431;0.7193711
1187130545;41.21079;-8.561097;-0.1494193;0.719264
1187130546;41.21264;-8.557175;-0.1493509;0.7192962
1187130547;41.21206;-8.560785;-0.1494139;0.7192862
1187130548;41.21656;-8.556686;-0.1493424;0.7193646
1187130549;41.216;-8.555691;-0.149325;0.7193549
1187130550;41.21548;-8.554329;-0.1493012;0.7193457
1187130551;41.21221;-8.558732;-0.149378;0.7192888
1187130552;41.21517;-8.555261;-0.1493175;0.7193404
1187130553;41.2149;-8.554361;-0.1493018;0.7193357
1187130554;41.21273;-8.556233;-0.1493344;0.7192978
1187130555;41.21186;-8.559356;-0.1493889;0.7192827
1187130556;41.21313;-8.555785;-0.1493266;0.7193049
1187130557;41.21507;-8.556931;-0.1493466;0.7193386
1187130558;41.21774;-8.556559;-0.1493401;0.7193853
1187130559;41.21511;-8.556188;-0.1493336;0.7193394
1187130560;41.21371;-8.555227;-0.1493169;0.719315
1187130561;41.21625;-8.555558;-0.1493227;0.7193593
1187130562;41.21506;-8.554265;-0.1493001;0.7193385
1187130563;41.21332;-8.555557;-0.1493226;0.7193081
1187130564;41.21473;-8.555489;-0.1493215;0.7193328
1187130565;41.21473;-8.554501;-0.1493042;0.7193326
1187130566;41.21082;-8.556321;-0.149336;0.7192644
1187130567;41.21482;-8.554428;-0.1493029;0.7193342
1187130568;41.21285;-8.56082;-0.1494145;0.7192999
1187130569;41.2119;-8.560484;-0.1494086;0.7192833
1187130570;41.21228;-8.556263;-0.149335;0.7192899
1187130571;41.21177;-8.560654;-0.1494116;0.7192811
1187130572;41.21246;-8.561831;-0.1494322;0.7192931
1187130573;41.21213;-8.556276;-0.1493352;0.7192873
1187130574;41.21517;-8.55515;-0.1493155;0.7193404
1187130575;41.21585;-8.555381;-0.1493196;0.7193522
1187130576;41.21654;-8.556623;-0.1493413;0.7193643
1187130577;41.21309;-8.55731;-0.1493532;0.719304
1187130578;41.21149;-8.5563;-0.1493356;0.7192761
1187130579;41.21553;-8.554675;-0.1493073;0.7193468
1187130580;41.21209;-8.55898;-0.1493824;0.7192867
1187130581;41.2123;-8.559986;-0.1493999;0.7192904
1187130582;41.21478;-8.555673;-0.1493247;0.7193335
1187130583;41.2118;-8.560605;-0.1494107;0.7192816
1187130584;41.2159;-8.555156;-0.1493156;0.7193531
1187130585;41.2154;-8.554605;-0.149306;0.7193445
1187130586;41.21527;-8.55427;-0.1493002;0.7193422
1187130587;41.21553;-8.555204;-0.1493165;0.7193468
1187130588;41.21481;-8.555311;-0.1493184;0.7193341
1187130589;41.21228;-8.558583;-0.1493755;0.7192899
1187130590;41.21608;-8.554717;-0.149308;0.7193564
1187131622;41.21385;-8.559739;-0.1493956;0.7193174
1187131623;41.21363;-8.560016;-0.1494005;0.7193136
1187131624;41.21376;-8.559619;-0.1493935;0.7193158
1187131625;41.21378;-8.560113;-0.1494022;0.7193161
1187131626;41.21412;-8.559047;-0.1493835;0.719322
1187131627;41.21273;-8.559351;-0.1493888;0.7192979
1187134869;41.21046;-8.562308;-0.1494405;0.7192581
1187134882;41.21163;-8.561466;-0.1494258;0.7192787
1187136562;41.21064;-8.561336;-0.1494235;0.7192613
1187136573;41.21091;-8.55676;-0.1493436;0.7192661
1187136578;41.21118;-8.558003;-0.1493653;0.7192708
1187136606;41.21056;-8.561455;-0.1494256;0.71926
1188232532;41.21091;-8.554278;-0.1493003;0.719266
1189510569;41.21827;-8.556681;-0.1493423;0.7193944
1189510572;41.21828;-8.556488;-0.1493389;0.7193948
1189510574;41.21855;-8.556349;-0.1493365;0.7193994
1189510578;41.21864;-8.556464;-0.1493385;0.7194011
1189510581;41.21841;-8.556316;-0.1493359;0.7193969
1189513985;41.21713;-8.553643;-0.1492892;0.7193746
1189513989;41.21709;-8.555314;-0.1493184;0.719374
1190301005;41.22126;-8.553929;-0.1492942;0.7194467
1190301006;41.2199;-8.555141;-0.1493154;0.719423
1190301007;41.22003;-8.555818;-0.1493272;0.7194252
1190301008;41.22002;-8.555359;-0.1493192;0.7194251
1190301009;41.22;-8.555947;-0.1493295;0.7194247
1190301010;41.22049;-8.554181;-0.1492986;0.7194333
1190301011;41.21959;-8.554415;-0.1493027;0.7194175
1190301012;41.22004;-8.555431;-0.1493205;0.7194254
1190301013;41.22004;-8.555511;-0.1493218;0.7194254
1190301014;41.21963;-8.554459;-0.1493035;0.7194183
1190301015;41.21972;-8.554804;-0.1493095;0.7194197
1190301017;41.21888;-8.554474;-0.1493037;0.7194051
1190311156;41.21181;-8.555525;-0.1493221;0.7192817
1190311158;41.21334;-8.557962;-0.1493646;0.7193084
1190311170;41.21195;-8.555692;-0.149325;0.7192842
1190311172;41.21185;-8.556287;-0.1493354;0.7192824
1190311175;41.21195;-8.555511;-0.1493218;0.7192842
1190311176;41.21181;-8.555699;-0.1493251;0.7192819
1190311179;41.21301;-8.557869;-0.149363;0.7193028
1191393815;41.21537;-8.550687;-0.1492376;0.719344
1191411617;41.21173;-8.557931;-0.1493641;0.7192805
1191411618;41.2114;-8.557113;-0.1493498;0.7192746
1191411619;41.21171;-8.55873;-0.149378;0.7192801
1191411620;41.21148;-8.557987;-0.1493651;0.719276
1191411622;41.211;-8.557165;-0.1493507;0.7192676
1191411624;41.21175;-8.558001;-0.1493653;0.7192807
1191444652;41.22089;-8.553194;-0.1492814;0.7194402
1191444660;41.22097;-8.553186;-0.1492813;0.7194417
1191444665;41.2211;-8.552985;-0.1492777;0.7194439
1191478775;41.21737;-8.5483;-0.149196;0.7193788
1191478776;41.21783;-8.547784;-0.149187;0.7193868
1191478778;41.21818;-8.547522;-0.1491824;0.7193929
1191478779;41.21748;-8.548131;-0.149193;0.7193807
1191478781;41.21677;-8.548331;-0.1491965;0.7193684
1191478783;41.21825;-8.547422;-0.1491807;0.7193942
1191478916;41.21712;-8.548313;-0.1491962;0.7193744
1191478920;41.21721;-8.5485;-0.1491995;0.7193761
1191478922;41.218;-8.547581;-0.1491834;0.7193899
1191478925;41.21837;-8.547184;-0.1491765;0.7193962
1191482476;41.2208;-8.549898;-0.1492239;0.7194387
1191482482;41.22155;-8.548639;-0.1492019;0.7194517
1191494003;41.22225;-8.549139;-0.1492106;0.7194639
1191494005;41.22292;-8.54974;-0.1492211;0.7194756
1191507717;41.22266;-8.55162;-0.1492539;0.7194712
1191507720;41.22268;-8.552368;-0.149267;0.7194716
1191507722;41.22191;-8.553138;-0.1492804;0.7194581
1191507724;41.22265;-8.551757;-0.1492563;0.719471
1191507726;41.22203;-8.553065;-0.1492791;0.7194601
1191507728;41.22121;-8.553567;-0.1492879;0.7194458
1191507730;41.22266;-8.552543;-0.14927;0.7194712
1191507762;41.2221;-8.553004;-0.1492781;0.7194614
1191507764;41.22261;-8.552764;-0.1492739;0.7194703
1191507768;41.22216;-8.552892;-0.1492761;0.7194625
1191507771;41.22271;-8.551462;-0.1492512;0.719472
1191507773;41.22286;-8.55356;-0.1492878;0.7194747
1191507775;41.22268;-8.552103;-0.1492624;0.7194716
1193124738;41.21986;-8.552501;-0.1492693;0.7194223
1193124745;41.21964;-8.552331;-0.1492663;0.7194184
1193124746;41.21945;-8.553418;-0.1492853;0.7194151
1193130384;41.22095;-8.555398;-0.1493199;0.7194414
1193130386;41.22108;-8.555343;-0.1493189;0.7194436
1193130390;41.21972;-8.555238;-0.1493171;0.7194197
1193130393;41.21791;-8.555369;-0.1493194;0.7193882
1193130396;41.22135;-8.555195;-0.1493163;0.7194483
1193130399;41.21825;-8.555279;-0.1493178;0.7193942
1193130401;41.22078;-8.55541;-0.1493201;0.7194383
1193130402;41.21802;-8.55523;-0.1493169;0.7193901
1193130404;41.21832;-8.555276;-0.1493177;0.7193953
1193130406;41.22024;-8.555473;-0.1493212;0.7194288
1193130408;41.21793;-8.555273;-0.1493177;0.7193886
1193130410;41.21789;-8.555489;-0.1493215;0.7193878
1193130412;41.22168;-8.555094;-0.1493146;0.7194541
1193130413;41.22017;-8.555461;-0.149321;0.7194276
1193130416;41.2201;-8.555445;-0.1493207;0.7194265
1193130423;41.21984;-8.555301;-0.1493182;0.719422
1193130424;41.22101;-8.555379;-0.1493195;0.7194423
1193130426;41.21986;-8.55531;-0.1493183;0.7194223
1193130427;41.22154;-8.555148;-0.1493155;0.7194515
1193130429;41.21914;-8.555139;-0.1493153;0.7194097
1193130431;41.21941;-8.555158;-0.1493157;0.7194144
1193130432;41.22128;-8.555231;-0.149317;0.719447
1193130441;41.21893;-8.555161;-0.1493157;0.7194061
1193130444;41.21992;-8.555184;-0.1493161;0.7194234
1193130446;41.22163;-8.555108;-0.1493148;0.7194532
1193130448;41.22087;-8.555409;-0.1493201;0.7194399
1193130450;41.21797;-8.55523;-0.1493169;0.7193893
1193130453;41.22147;-8.555163;-0.1493158;0.7194503
1193130456;41.22059;-8.555449;-0.1493208;0.719435
1235201989;41.21644;-8.55909;-0.1493843;0.7193626
1235201992;41.21531;-8.560268;-0.1494049;0.7193429
1235201993;41.21667;-8.558977;-0.1493823;0.7193667
1235201994;41.21652;-8.559782;-0.1493964;0.7193639
1235201996;41.21711;-8.560082;-0.1494016;0.7193743
1235202019;41.21749;-8.561891;-0.1494332;0.7193809
1235202024;41.21558;-8.560093;-0.1494018;0.7193476
1235202027;41.21733;-8.559986;-0.1493999;0.7193781
1235202034;41.217;-8.559168;-0.1493857;0.7193724
1235202068;41.21677;-8.559911;-0.1493986;0.7193683
1235202071;41.21753;-8.561633;-0.1494287;0.7193815
1235202073;41.21733;-8.560168;-0.1494031;0.7193782
1235202077;41.21666;-8.558826;-0.1493797;0.7193664
1235202078;41.21634;-8.55964;-0.1493939;0.7193609
1235202081;41.21746;-8.559375;-0.1493893;0.7193804
1235202083;41.21747;-8.560849;-0.149415;0.7193806
1235202114;41.21753;-8.561231;-0.1494217;0.7193815
1235202116;41.21649;-8.559511;-0.1493917;0.7193634
1235202119;41.21751;-8.561126;-0.1494198;0.7193813
1235202120;41.21648;-8.559712;-0.1493952;0.7193633
1235206263;41.21501;-8.566582;-0.1495151;0.7193376
1235206264;41.21506;-8.567582;-0.1495325;0.7193385
1235206267;41.21502;-8.564924;-0.1494861;0.7193379
1235206269;41.21499;-8.567002;-0.1495224;0.7193372
1235206270;41.21497;-8.566026;-0.1495053;0.7193369
1235206272;41.21626;-8.570222;-0.1495786;0.7193594
1235206273;41.21552;-8.568802;-0.1495538;0.7193465
1235206274;41.21547;-8.568585;-0.14955;0.7193457
1235206276;41.2154;-8.568325;-0.1495455;0.7193444
1235206280;41.21529;-8.568043;-0.1495406;0.7193425
1235206281;41.21474;-8.561129;-0.1494199;0.7193329
1235206282;41.21499;-8.567257;-0.1495268;0.7193372
1235206284;41.215;-8.562314;-0.1494406;0.7193375
1235206286;41.21501;-8.56476;-0.1494833;0.7193376
1235206287;41.215;-8.567418;-0.1495297;0.7193375
1235206294;41.215;-8.565635;-0.1494985;0.7193375
1235206295;41.21578;-8.569312;-0.1495627;0.7193511
1235206296;41.21505;-8.565185;-0.1494907;0.7193383
1235206297;41.21506;-8.565321;-0.1494931;0.7193385
1235206298;41.21563;-8.569099;-0.149559;0.7193485
1235206302;41.21556;-8.568955;-0.1495565;0.7193472
1235206307;41.21508;-8.562684;-0.149447;0.7193388
1235206310;41.21503;-8.564031;-0.1494705;0.7193381
1235206312;41.21632;-8.570482;-0.1495831;0.7193605
1235206314;41.21497;-8.565838;-0.1495021;0.7193369
1235206315;41.21482;-8.561488;-0.1494262;0.7193342
1235206318;41.21613;-8.569875;-0.1495725;0.7193573
1235206321;41.215;-8.56641;-0.1495121;0.7193375
1235206322;41.21593;-8.569502;-0.149566;0.7193536
1235206327;41.21603;-8.56966;-0.1495688;0.7193554
1235206328;41.21455;-8.560354;-0.1494064;0.7193295
1300611770;41.21403;-8.561308;-0.149423;0.7193205
1300611771;41.21394;-8.561319;-0.1494232;0.719319
1300611772;41.21386;-8.561333;-0.1494235;0.7193176
1300611773;41.21375;-8.560433;-0.1494077;0.7193157
1300611774;41.21369;-8.561032;-0.1494182;0.7193146
1300611775;41.21378;-8.56126;-0.1494222;0.7193161
1300611777;41.21369;-8.561112;-0.1494196;0.7193146
1640409715;41.22258;-8.559118;-0.1493848;0.7194697
1640409720;41.22229;-8.558521;-0.1493744;0.7194646
1640409722;41.22313;-8.558321;-0.1493709;0.7194793
1640409723;41.22306;-8.558281;-0.1493702;0.7194782
1640409724;41.22401;-8.558817;-0.1493795;0.7194946
1640409725;41.22417;-8.558535;-0.1493746;0.7194975
1640409727;41.22409;-8.558777;-0.1493788;0.7194961
1640409731;41.22387;-8.558765;-0.1493786;0.7194923
1640409732;41.2237;-8.55858;-0.1493754;0.7194893
1640409733;41.22301;-8.558317;-0.1493708;0.7194772
1640409735;41.22409;-8.558392;-0.1493721;0.7194962
1640409736;41.22374;-8.55784;-0.1493625;0.7194901
1640849204;41.2226;-8.55922;-0.1493866;0.71947
1640849219;41.22268;-8.559666;-0.1493943;0.7194714
1640849223;41.22269;-8.559758;-0.149396;0.7194717
1640849240;41.22292;-8.559995;-0.1494001;0.7194756
1640849254;41.22315;-8.54775;-0.1491864;0.7194797
1640849259;41.22322;-8.547735;-0.1491861;0.7194809
1640849263;41.22329;-8.547818;-0.1491876;0.7194821
1640849264;41.2233;-8.547699;-0.1491855;0.7194823
1640849272;41.22335;-8.560299;-0.1494054;0.7194832
1640849273;41.22335;-8.547649;-0.1491846;0.7194833
1640849276;41.22334;-8.547845;-0.149188;0.719483
1640849282;41.22341;-8.54754;-0.1491827;0.7194843
1640849288;41.22343;-8.547099;-0.149175;0.7194846
1640849289;41.22343;-8.547213;-0.149177;0.7194846
1640849292;41.22343;-8.56048;-0.1494086;0.7194847
1640849296;41.22346;-8.546892;-0.1491714;0.7194851
1640849318;41.22353;-8.560229;-0.1494042;0.7194863
1640849336;41.22363;-8.546409;-0.149163;0.719488
1640849398;41.22394;-8.555972;-0.1493299;0.7194935
1640849459;41.22414;-8.558343;-0.1493713;0.719497
1640849492;41.22428;-8.558199;-0.1493687;0.7194993
1640849494;41.22429;-8.555685;-0.1493249;0.7194996
1640849531;41.2244;-8.558084;-0.1493668;0.7195015
1640849565;41.22446;-8.555489;-0.1493215;0.7195026
1640849736;41.22479;-8.555099;-0.1493146;0.7195083
1640849770;41.22482;-8.557808;-0.1493619;0.7195088
1640849802;41.22486;-8.557777;-0.1493614;0.7195095
1642560121;41.21277;-8.550347;-0.1492317;0.7192986
1642560169;41.21304;-8.547293;-0.1491784;0.7193033
1642560206;41.21328;-8.550752;-0.1492388;0.7193074
1642560244;41.21344;-8.550406;-0.1492327;0.7193103
1642560348;41.21396;-8.561477;-0.149426;0.7193193
1642560357;41.21399;-8.549801;-0.1492222;0.7193198
1642560366;41.21404;-8.550003;-0.1492257;0.7193207
1642560386;41.21419;-8.550069;-0.1492269;0.7193233
1642560402;41.21432;-8.54995;-0.1492248;0.7193257
1642562550;41.22184;-8.547056;-0.1491743;0.7194568
1642562594;41.22211;-8.558243;-0.1493695;0.7194615
1642562633;41.22253;-8.559084;-0.1493842;0.7194688
1642562644;41.22263;-8.559101;-0.1493845;0.7194706
1643123291;41.22067;-8.558386;-0.149372;0.7194365
1643320447;41.21671;-8.558631;-0.1493763;0.7193673
1644072923;41.21212;-8.551678;-0.1492549;0.7192873
1701263804;41.22268;-8.548305;-0.1491961;0.7194714
1701263809;41.22232;-8.547305;-0.1491786;0.7194651
1701263813;41.22272;-8.54802;-0.1491911;0.7194722
1701263822;41.22178;-8.546439;-0.1491635;0.7194558
1701263825;41.22187;-8.546739;-0.1491687;0.7194574
1701263828;41.2233;-8.547886;-0.1491888;0.7194823
1701263832;41.22295;-8.553463;-0.1492861;0.7194762
1701263833;41.22252;-8.547407;-0.1491804;0.7194688
1701263837;41.22175;-8.546194;-0.1491592;0.7194553
1701263856;41.22241;-8.548697;-0.1492029;0.7194668
1701263865;41.22267;-8.548201;-0.1491942;0.7194713
1701263866;41.22235;-8.548661;-0.1492023;0.7194657
1701263873;41.22271;-8.548396;-0.1491977;0.7194721
1701263881;41.222;-8.547258;-0.1491778;0.7194595
1701263887;41.2223;-8.552603;-0.1492711;0.7194648
1701263890;41.22281;-8.553226;-0.1492819;0.7194737
1701263893;41.2226;-8.552928;-0.1492767;0.7194701
1701263894;41.22175;-8.546277;-0.1491607;0.7194552
1701263896;41.22271;-8.548838;-0.1492054;0.7194719
1701263898;41.2219;-8.546885;-0.1491713;0.7194578
1701263900;41.2221;-8.547624;-0.1491842;0.7194614
1701263918;41.22308;-8.547849;-0.1491881;0.7194784
1701263920;41.22205;-8.547162;-0.1491761;0.7194605
1701263923;41.22248;-8.549034;-0.1492088;0.7194681
1701263924;41.22277;-8.547973;-0.1491903;0.7194731
1701263927;41.22175;-8.546322;-0.1491615;0.7194553
1701263929;41.22296;-8.553164;-0.1492809;0.7194764
1701263932;41.22198;-8.547119;-0.1491754;0.7194594
1701263934;41.22231;-8.548664;-0.1492023;0.719465
1701263937;41.2228;-8.548525;-0.1491999;0.7194735
1701263948;41.22239;-8.552692;-0.1492726;0.7194664
1701263950;41.22296;-8.553406;-0.1492851;0.7194763
1701263955;41.22224;-8.548181;-0.1491939;0.7194638
1701263957;41.22285;-8.553157;-0.1492807;0.7194746
1701263960;41.22304;-8.553848;-0.1492928;0.7194777
1701263963;41.22268;-8.548103;-0.1491925;0.7194715
1701263979;41.22198;-8.547302;-0.1491786;0.7194594
1701263981;41.22263;-8.548858;-0.1492057;0.7194706
1701263983;41.22191;-8.545804;-0.1491524;0.7194581
1701263985;41.22182;-8.546066;-0.149157;0.7194565
1701263987;41.22188;-8.545919;-0.1491544;0.7194576
1701263988;41.2223;-8.548612;-0.1492014;0.7194648
1701263995;41.22202;-8.547355;-0.1491795;0.71946
1701263998;41.22281;-8.553072;-0.1492793;0.7194737
1701264014;41.22227;-8.548369;-0.1491972;0.7194644
1701264016;41.22268;-8.553101;-0.1492798;0.7194715
1701264026;41.22324;-8.547915;-0.1491892;0.7194813
1701264029;41.22245;-8.548926;-0.1492069;0.7194674
1701264034;41.2224;-8.552583;-0.1492707;0.7194666
1701264044;41.22308;-8.55312;-0.1492801;0.7194785
1701264045;41.22355;-8.552305;-0.1492659;0.7194867
1701264046;41.22216;-8.547897;-0.149189;0.7194625
1701264050;41.22282;-8.548647;-0.149202;0.719474
1701264053;41.22231;-8.548697;-0.1492029;0.7194651
1701264057;41.22255;-8.54882;-0.1492051;0.7194692
1719346852;41.22139;-8.554247;-0.1492998;0.719449
1719346861;41.22054;-8.553552;-0.1492876;0.7194341
1722390204;41.2118;-8.550644;-0.1492369;0.7192817
1722390210;41.22068;-8.555429;-0.1493204;0.7194366
1722390211;41.21964;-8.552761;-0.1492738;0.7194183
1738101113;41.21311;-8.547001;-0.1491733;0.7193044
1757259049;41.21656;-8.556492;-0.149339;0.7193646
1809293078;41.21746;-8.548264;-0.1491953;0.7193804
1809293079;41.21752;-8.548263;-0.1491953;0.7193815
1809293080;41.21753;-8.548121;-0.1491929;0.7193817
1809293081;41.21754;-8.548364;-0.1491971;0.7193819
1809293082;41.21754;-8.548429;-0.1491982;0.7193819
1809293084;41.21766;-8.548398;-0.1491977;0.7193838
1809293085;41.21767;-8.547471;-0.1491815;0.719384
1809293087;41.21771;-8.547894;-0.1491889;0.7193848
1809293089;41.21802;-8.54529;-0.1491434;0.7193902
1809293095;41.21898;-8.5457;-0.1491506;0.7194068
1809293097;41.2201;-8.558759;-0.1493785;0.7194264
1809293098;41.22014;-8.558424;-0.1493727;0.7194271
1809293099;41.22024;-8.558914;-0.1493812;0.7194288
1809293100;41.2202;-8.55837;-0.1493717;0.7194281
1809293102;41.22026;-8.558341;-0.1493712;0.7194293
1809293103;41.22033;-8.559021;-0.1493831;0.7194304
1809293104;41.22033;-8.558245;-0.1493696;0.7194305
1809293105;41.22046;-8.558439;-0.149373;0.7194328
1809293106;41.22052;-8.558614;-0.149376;0.7194337
1809293107;41.2206;-8.558332;-0.1493711;0.7194351
1809293108;41.2206;-8.560381;-0.1494068;0.7194352
1809293112;41.22075;-8.558451;-0.1493731;0.7194378
1809293115;41.22078;-8.558586;-0.1493755;0.7194383
1809293138;41.22197;-8.547029;-0.1491738;0.7194592
1809293140;41.22279;-8.553928;-0.1492942;0.7194734
1809293141;41.22284;-8.55387;-0.1492932;0.7194743
1809293143;41.22295;-8.553913;-0.1492939;0.7194762
1809293144;41.22295;-8.553828;-0.1492925;0.7194762
1809293145;41.22301;-8.553965;-0.1492949;0.7194773
1809293146;41.22302;-8.553742;-0.149291;0.7194775
1809293147;41.22304;-8.553414;-0.1492852;0.7194777
1809293148;41.22306;-8.553922;-0.1492941;0.7194781
1809293149;41.22311;-8.55351;-0.1492869;0.7194791
1809293150;41.22343;-8.547335;-0.1491791;0.7194847
2214789267;41.21662;-8.553596;-0.1492884;0.7193657
3096591774;41.21959;-8.545992;-0.1491557;0.7194176
3394631832;41.21029;-8.551402;-0.1492501;0.7192552
3394631837;41.21153;-8.559639;-0.1493939;0.7192769
3394631839;41.21246;-8.547189;-0.1491766;0.7192931
3394631844;41.21299;-8.547547;-0.1491828;0.7193024
3394631845;41.21304;-8.547332;-0.1491791;0.7193032
3394631846;41.21307;-8.549736;-0.149221;0.7193037
3394631847;41.21307;-8.547494;-0.1491819;0.7193038
3394631848;41.21308;-8.547433;-0.1491808;0.719304
3394631849;41.21312;-8.547513;-0.1491822;0.7193047
3394631850;41.21313;-8.547454;-0.1491812;0.7193049
3394631853;41.21319;-8.549568;-0.1492181;0.7193058
3394631857;41.2133;-8.549147;-0.1492108;0.7193078
3394631863;41.21351;-8.547595;-0.1491837;0.7193115
3394631868;41.21358;-8.54762;-0.1491841;0.7193126
3394631871;41.21363;-8.547827;-0.1491877;0.7193136
3394631873;41.21374;-8.54775;-0.1491864;0.7193155
3394631877;41.21375;-8.547694;-0.1491854;0.7193157
3394631878;41.21379;-8.54777;-0.1491867;0.7193164
3394631880;41.21381;-8.547714;-0.1491858;0.7193166
3394631883;41.21413;-8.549865;-0.1492233;0.7193223
3394631892;41.21442;-8.549998;-0.1492256;0.7193273
3394631993;41.21442;-8.550108;-0.1492275;0.7193274
3394632001;41.21448;-8.548031;-0.1491913;0.7193283
3394632002;41.21448;-8.550129;-0.1492279;0.7193284
3394632003;41.21449;-8.547965;-0.1491901;0.7193285
3394632005;41.21452;-8.550057;-0.1492267;0.7193291
3394632013;41.21461;-8.550123;-0.1492278;0.7193307
3394632014;41.21469;-8.54812;-0.1491929;0.719332
3394632016;41.21471;-8.548059;-0.1491918;0.7193323
3394632018;41.21482;-8.548686;-0.1492027;0.7193342
3394632019;41.21485;-8.550293;-0.1492308;0.7193348
3394632020;41.21486;-8.548192;-0.1491941;0.7193349
3394632021;41.21487;-8.548121;-0.1491929;0.7193353
3394632022;41.215;-8.550402;-0.1492327;0.7193375
3394632023;41.21501;-8.548228;-0.1491947;0.7193376
3394632024;41.21503;-8.548205;-0.1491943;0.719338
3394632026;41.21509;-8.548792;-0.1492046;0.719339
3394632027;41.21509;-8.548372;-0.1491972;0.7193391
3394632028;41.2151;-8.548524;-0.1491999;0.7193392
3394632029;41.2151;-8.548206;-0.1491943;0.7193393
3394632030;41.21513;-8.548512;-0.1491997;0.7193398
3394632031;41.21516;-8.54882;-0.1492051;0.7193403
3394632032;41.2152;-8.549605;-0.1492188;0.719341
3394632036;41.21535;-8.547016;-0.1491736;0.7193437
3394632037;41.21576;-8.550962;-0.1492424;0.7193508
4242788043;41.22066;-8.549474;-0.1492165;0.7194363
4242788044;41.22065;-8.549314;-0.1492137;0.7194361
4242788045;41.22068;-8.549373;-0.1492147;0.7194365
4242788046;41.22058;-8.549689;-0.1492202;0.7194349
4242788047;41.22041;-8.54903;-0.1492087;0.7194318
4242788049;41.22054;-8.549809;-0.1492223;0.7194342
4296785978;41.21294;-8.547369;-0.1491797;0.7193015
4296785979;41.21292;-8.547431;-0.1491808;0.7193012
4296785980;41.21236;-8.547214;-0.149177;0.7192913
4530717956;41.21501;-8.566559;-0.1495147;0.7193376
4530718321;41.22304;-8.561849;-0.1494325;0.7194777
4530718329;41.22298;-8.56181;-0.1494318;0.7194768
4530718330;41.2229;-8.561696;-0.1494298;0.7194753
4530718331;41.2225;-8.561191;-0.149421;0.7194683
4530718332;41.22238;-8.561052;-0.1494185;0.7194663
4530718333;41.22213;-8.56082;-0.1494145;0.719462
4530718334;41.22205;-8.560737;-0.149413;0.7194604
4530718335;41.22204;-8.5607;-0.1494124;0.7194604
4530718336;41.22208;-8.560532;-0.1494095;0.7194611
4530718337;41.22215;-8.56032;-0.1494058;0.7194622
4530718338;41.22224;-8.560136;-0.1494026;0.7194638
4530718339;41.22231;-8.559903;-0.1493985;0.719465
4530718340;41.22236;-8.559784;-0.1493964;0.719466
4530718341;41.22247;-8.559605;-0.1493933;0.7194678
4530718342;41.22252;-8.559476;-0.149391;0.7194686
4530718343;41.22256;-8.559255;-0.1493872;0.7194695
4530718344;41.222;-8.560818;-0.1494144;0.7194595
4530718345;41.22197;-8.560893;-0.1494158;0.7194591
4530718346;41.22194;-8.561002;-0.1494177;0.7194586
4530718347;41.22192;-8.561096;-0.1494193;0.7194582
4530718348;41.22187;-8.561186;-0.1494209;0.7194574
4530718349;41.22184;-8.561248;-0.149422;0.7194568
4530718350;41.22211;-8.560426;-0.1494076;0.7194616
4530718351;41.22294;-8.561751;-0.1494308;0.719476
4537308518;41.21504;-8.565472;-0.1494957;0.7193381
4537308565;41.21845;-8.561924;-0.1494338;0.7193977
4537308566;41.21867;-8.561631;-0.1494287;0.7194016
4537308567;41.21889;-8.561315;-0.1494231;0.7194054
4537308568;41.21938;-8.560162;-0.149403;0.7194139
4537308569;41.21958;-8.560084;-0.1494016;0.7194173
4537308570;41.2198;-8.560149;-0.1494028;0.7194212
4537308571;41.22003;-8.560524;-0.1494093;0.7194252
4537308573;41.22029;-8.56109;-0.1494192;0.7194297
4537308574;41.21845;-8.561979;-0.1494347;0.7193977
4537308579;41.21751;-8.561789;-0.1494314;0.7193813
4537308580;41.21753;-8.561453;-0.1494255;0.7193816
4537308581;41.21738;-8.559682;-0.1493946;0.7193791
4537308582;41.21743;-8.559513;-0.1493917;0.7193798
4541769866;41.22023;-8.558864;-0.1493804;0.7194288
4541769867;41.22025;-8.559009;-0.1493829;0.719429
4541769868;41.22023;-8.558477;-0.1493736;0.7194287
4541769869;41.22023;-8.558311;-0.1493707;0.7194287
4541769870;41.22042;-8.558877;-0.1493806;0.719432
4541769871;41.22018;-8.558879;-0.1493806;0.7194278
4541769872;41.22008;-8.558685;-0.1493772;0.7194262
4541769873;41.22009;-8.558553;-0.1493749;0.7194262
4541769874;41.22033;-8.558341;-0.1493712;0.7194304
4541769875;41.22043;-8.558399;-0.1493722;0.7194322
4541769876;41.22049;-8.558486;-0.1493738;0.7194332
4541769877;41.22051;-8.558691;-0.1493773;0.7194337
4541769878;41.22024;-8.556982;-0.1493475;0.719429
4541769879;41.22027;-8.557061;-0.1493489;0.7194295
4541769883;41.22076;-8.55541;-0.1493201;0.7194379
4541769884;41.22052;-8.55394;-0.1492944;0.7194338
4541769885;41.2202;-8.553005;-0.1492781;0.7194282
4541769886;41.22068;-8.549425;-0.1492156;0.7194366
4541769892;41.22321;-8.547666;-0.1491849;0.7194808
4561990326;41.22276;-8.55321;-0.1492817;0.7194729
4561990327;41.22272;-8.553165;-0.1492809;0.7194723
4561990328;41.22289;-8.553838;-0.1492926;0.7194752
4561990329;41.223;-8.553824;-0.1492924;0.719477
4561990330;41.223;-8.553893;-0.1492936;0.719477
4561990331;41.22289;-8.5539;-0.1492937;0.7194752
4561990332;41.22206;-8.554147;-0.149298;0.7194608
4561990333;41.22213;-8.554919;-0.1493115;0.7194618
4561990334;41.22261;-8.554225;-0.1492994;0.7194703
4561990335;41.22281;-8.553895;-0.1492936;0.7194737
4561990336;41.22171;-8.555544;-0.1493224;0.7194546
4561990337;41.22004;-8.555676;-0.1493247;0.7194253
4561990338;41.22001;-8.555882;-0.1493283;0.719425
4561990339;41.21962;-8.554425;-0.1493029;0.719418
4561990340;41.21657;-8.555381;-0.1493196;0.7193649
4561990341;41.21661;-8.555326;-0.1493186;0.7193655
4561990342;41.21663;-8.555267;-0.1493176;0.7193659
4561990343;41.21663;-8.555201;-0.1493164;0.719366
4561990344;41.2166;-8.555084;-0.1493144;0.7193654
4561990345;41.21585;-8.555271;-0.1493177;0.7193524
4561990346;41.21575;-8.555188;-0.1493162;0.7193506
4561990347;41.21585;-8.555326;-0.1493186;0.7193522
4561990348;41.21568;-8.555191;-0.1493163;0.7193494
4561990349;41.21473;-8.555147;-0.1493155;0.7193328
4561990350;41.21476;-8.555379;-0.1493195;0.7193334
4561990351;41.21474;-8.555601;-0.1493234;0.7193329
4561990352;41.21474;-8.555428;-0.1493204;0.7193329
4561990353;41.21481;-8.554649;-0.1493068;0.7193342
4561990354;41.21471;-8.555269;-0.1493176;0.7193324
4561990355;41.2147;-8.555353;-0.1493191;0.7193323
4561990356;41.2147;-8.55545;-0.1493208;0.7193323
4561990357;41.21471;-8.555524;-0.1493221;0.7193323
4561990358;41.21474;-8.555255;-0.1493174;0.7193329
4561990359;41.21475;-8.555292;-0.149318;0.7193331
4561990360;41.21478;-8.555306;-0.1493183;0.7193336
4561990361;41.21348;-8.557038;-0.1493485;0.7193109
4561990362;41.21346;-8.557282;-0.1493528;0.7193106
4561990363;41.21347;-8.557167;-0.1493507;0.7193107
4561990364;41.21319;-8.557096;-0.1493495;0.7193059
4561990365;41.21334;-8.555817;-0.1493272;0.7193085
4561990366;41.21301;-8.557986;-0.149365;0.7193027
4561990367;41.21284;-8.55894;-0.1493817;0.7192998
4561990368;41.21274;-8.559444;-0.1493905;0.7192981
4561990369;41.21278;-8.559488;-0.1493912;0.7192987
4561990370;41.21273;-8.559398;-0.1493897;0.7192978
4561990371;41.2137;-8.560078;-0.1494015;0.7193148
4561990372;41.21381;-8.5601;-0.1494019;0.7193167
4561990373;41.21383;-8.560055;-0.1494011;0.719317
4561990374;41.21381;-8.559648;-0.149394;0.7193166
4561990375;41.21386;-8.559408;-0.1493898;0.7193176
4561990376;41.21404;-8.559139;-0.1493852;0.7193206
4561990384;41.21533;-8.568147;-0.1495424;0.7193432
4561990385;41.21559;-8.569033;-0.1495578;0.7193478
4561991301;41.2105;-8.561597;-0.1494281;0.719259
4561991302;41.21153;-8.559817;-0.149397;0.7192769
4614451759;41.21904;-8.557638;-0.149359;0.719408
4614451760;41.21882;-8.557877;-0.1493631;0.7194041
4614451761;41.21896;-8.557812;-0.149362;0.7194066
4614451762;41.2187;-8.557796;-0.1493617;0.719402
4614451773;41.21861;-8.55639;-0.1493372;0.7194005
4614451774;41.21849;-8.556327;-0.1493361;0.7193984
4614451775;41.21836;-8.556349;-0.1493365;0.7193962
4614451776;41.21832;-8.556405;-0.1493374;0.7193954
4614451777;41.21826;-8.556601;-0.1493409;0.7193944
4614461138;41.21959;-8.552672;-0.1492723;0.7194175
4614461139;41.2205;-8.547114;-0.1491753;0.7194335
4614461140;41.22055;-8.546783;-0.1491695;0.7194344
4614461141;41.2204;-8.547677;-0.1491851;0.7194318
4614461142;41.2201;-8.546227;-0.1491598;0.7194265
4614461143;41.22003;-8.546022;-0.1491562;0.7194253
4614461144;41.22011;-8.54583;-0.1491529;0.7194266
4614461145;41.2199;-8.546138;-0.1491582;0.719423
4614461146;41.2197;-8.546042;-0.1491566;0.7194194
4614461147;41.21982;-8.546101;-0.1491576;0.7194216
4614461148;41.21991;-8.545973;-0.1491554;0.7194232
4614461149;41.22005;-8.54611;-0.1491578;0.7194256
4614461150;41.22005;-8.545941;-0.1491548;0.7194256
4614461151;41.22006;-8.545839;-0.149153;0.7194257
4614461152;41.2201;-8.54587;-0.1491536;0.7194264
4614461161;41.21809;-8.545967;-0.1491553;0.7193914
4614461162;41.21809;-8.54537;-0.1491448;0.7193915
4614461163;41.21806;-8.545318;-0.1491439;0.7193909
4614461164;41.21813;-8.545606;-0.149149;0.7193921
4614461165;41.21812;-8.545835;-0.1491529;0.719392
4722418868;41.22453;-8.557997;-0.1493652;0.7195038
4722621791;41.20915;-8.547478;-0.1491816;0.7192353
4722621792;41.20896;-8.54742;-0.1491806;0.7192321
