25330133;269567665;1809293115;
25330133;1809293115;269567666;
25330133;269567666;269567667;
25330133;269567667;269567668;
25330133;269567668;1187121703;
25330133;1187121703;269567669;
25330133;269567669;269567670;
25330133;269567670;1187121673;
25330133;1187121673;269567671;
25330133;269567671;269567672;
25330133;269567672;269567673;
25330133;269567673;1640849398;
25330133;1640849398;269567674;
25330133;269567674;1640849494;
25330133;1640849494;1640849565;
25330133;1640849565;269567675;
25330133;269567675;1640849736;
25330133;1640849736;1187121699;
25330133;1187121699;269567731;
25592095;269567688;278970287;
25592095;278970287;278970275;
25592108;269567665;278970386;
25592108;278970386;278970270;
25592126;278970284;278970906;
25592126;278970906;269567665;
25592127;278970276;278971117;
25592127;278971117;269567688;
25592409;278973129;278973429;
25592409;278973429;278973430;
25592409;278973430;278973431;
25592409;278973431;278973433;
25592409;278973433;278970276;
25592440;278973137;4541769879;
25592440;4541769879;278973135;
25592440;278973135;278973618;
25592501;1809293108;278974123;
25592501;278974123;278974125;
25592501;278974125;278974126;
25592501;278974126;278974127;
25592501;278974127;278974128;
25592501;278974128;278974129;
25592501;278974129;278974130;
25592501;278974130;1103651827;
25592501;1103651827;4537308573;
25592501;4537308573;278974134;
25592501;278974134;4537308571;
25592501;4537308571;1103651762;
25592501;1103651762;4537308570;
25592501;4537308570;278974140;
25592501;278974140;4537308569;
25592501;4537308569;1103651748;
25592501;1103651748;4537308568;
25592501;4537308568;525405120;
25592501;525405120;525405121;
25592501;525405121;4537308567;
25592501;4537308567;278974146;
25592501;278974146;4537308566;
25592501;4537308566;278974148;
25592501;278974148;4537308565;
25592501;4537308565;4537308574;
25592501;4537308574;525405122;
95129493;1103523850;278973129;
95129493;278973129;278973131;
95139742;278970278;278970280;
95139742;278970280;1103651839;
95139742;1103651839;4541769878;
95139742;4541769878;278973137;
95139746;1103651847;1103651870;
95139748;278973137;1103651615;
95139748;1103651615;278970283;
95139748;278970283;1809293104;
95139748;1809293104;278970282;
95139749;1103651721;1103651653;
95139750;1103651715;1103651797;
95139750;1103651797;1103651596;
95139750;1103651596;1103651609;
95139751;1103651646;1187131626;
95139751;1187131626;269567684;
95139752;1103651724;4561990340;
95139752;4561990340;1187130561;
95139752;1187130561;1187130549;
95139752;1187130549;1187130559;
95139752;1187130559;1103651759;
95139753;1187130550;1187130537;
95139753;1187130537;1103651659;
95139753;1103651659;1187130590;
95139753;1187130590;4561990344;
95139753;4561990344;1103651724;
95139754;278973618;4541769869;
95139754;4541769869;4541769868;
95139754;4541769868;278973619;
95139754;278973619;4541769866;
95139754;4541769866;4541769867;
95139754;4541769867;278973620;
95139756;1103651830;1190311158;
95139758;278970272;1809293103;
95139758;1809293103;278970274;
95139758;278970274;1103651717;
95139758;1103651717;278973623;
95139760;269567686;1643320447;
95139760;1643320447;1103651733;
95139760;1103651733;1103651670;
95139760;1103651670;1187130557;
95139762;1103651754;1103651643;
95139764;278973620;278973131;
99955841;1155459155;1187134869;
99955841;1187134869;1155459157;
99955841;1155459157;4561991301;
99955841;4561991301;1155459098;
99955841;1155459098;1187136606;
99955841;1187136606;1187136562;
99955841;1187136562;1187130545;
99955841;1187130545;1155459251;
99955841;1155459251;4561991302;
99955841;4561991302;1155459318;
99955841;1155459318;3394631837;
99955841;3394631837;1187136578;
99955841;1187136578;1191411622;
99955841;1191411622;1187136573;
99955841;1187136573;1187130566;
99955841;1187130566;1155459233;
99955841;1155459233;1155459178;
99955841;1155459178;1155459309;
99955841;1155459309;1149024605;
99955841;1149024605;1173425058;
99955841;1173425058;1183721321;
99955841;1183721321;1155459304;
99955841;1155459304;1174117027;
99955841;1174117027;1155459234;
99955841;1155459234;1155459238;
99955841;1155459238;1173425061;
99955841;1173425061;1173425099;
99955843;1155459352;1189513985;
99955843;1189513985;1183721316;
99955843;1183721316;2214789267;
99956142;1155459105;1155459187;
99956142;1155459187;1155459344;
99956142;1155459344;1155459100;
99956142;1155459100;1173439992;
99956142;1173439992;1155459316;
99956142;1155459316;1155459162;
99956142;1155459162;1155459245;
99958735;1155503714;1155503704;
99958735;1155503704;1155503701;
99958735;1155503701;1155503716;
99958735;1155503716;1155503724;
99958735;1155503724;1155459352;
100196781;1158156510;1158156506;
100196781;1158156506;1158156508;
100196781;1158156508;1158156504;
100196781;1158156504;1158156502;
100196781;1158156502;1158156501;
100196781;1158156501;1158156613;
100196781;1158156613;1158156607;
100196781;1158156607;1174116534;
100196781;1174116534;1158156582;
100196781;1158156582;1158156620;
100196781;1158156620;1158156561;
100196781;1158156561;1173486940;
100196781;1173486940;1158202505;
100196793;1158156651;1158156684;
100196793;1158156684;1158156680;
100196793;1158156680;1158156665;
100196793;1158156665;1158156677;
100196793;1158156677;1158156669;
100196793;1158156669;1158156518;
100196793;1158156518;1158156667;
100196793;1158156667;1158156660;
100196793;1158156660;1173487036;
100196793;1173487036;1158156467;
100196793;1158156467;1158156643;
100196793;1158156643;1158156636;
100196793;1158156636;1158202505;
100196793;1158202505;1158156616;
100196793;1158156616;1158156458;
100196793;1158156458;1158203141;
100196793;1158203141;1158156640;
100196793;1158156640;1158156619;
100196793;1158156619;1158156524;
100196793;1158156524;1158156651;
100196799;1158156658;1809293095;
100196799;1809293095;3096591774;
100196799;3096591774;4614461146;
100199951;1155503714;1155513047;
100199951;1155513047;1193124746;
100199951;1193124746;1155513023;
100323498;1159931525;1640849276;
100323498;1640849276;1640849263;
100323498;1640849263;1640849254;
100323498;1640849254;1158156470;
100334095;1159931443;1160057028;
100334095;1160057028;1160057027;
100334095;1160057027;1160107526;
100334095;1160107526;1158156518;
101120365;1167369713;1178835892;
101120365;1178835892;1167369708;
101120726;1173425058;1173425174;
101120726;1173425174;1173425208;
101120726;1173425208;1173425104;
101120726;1173425104;1173424898;
101120726;1173424898;1173425178;
101120726;1173425178;1173425177;
101120726;1173425177;1167369713;
101625501;1173425099;1173425152;
101625501;1173425152;1173425001;
101625501;1173425001;1173425086;
101625501;1173425086;1173425172;
101625501;1173425172;1173425143;
101625501;1173425143;1173425180;
101625501;1173425180;1173425204;
101625501;1173425204;1173425139;
101625501;1173425139;1155513031;
101625505;1174117027;1173425176;
101625505;1173425176;1173425101;
101625505;1173425101;1173425092;
101625506;1173424938;1173439982;
101625506;1173439982;1173440022;
101625506;1173440022;1173424961;
101625507;1155513069;1173425202;
101625510;1173425051;1173425135;
101625510;1173425135;1173425017;
101625510;1173425017;1173425182;
101625510;1173425182;1173424938;
101625510;1173424938;1173425092;
101625511;1173425185;1644072923;
101625512;1155513069;1155513073;
101625512;1155513073;1158156640;
101625514;1173424981;1155513053;
101625514;1155513053;1155513006;
101625514;1155513006;1155513008;
101625514;1155513008;1178253256;
101625514;1178253256;1155513024;
101625514;1155513024;1155513069;
101625516;1173424924;1173425014;
101625516;1173425014;3394631853;
101625516;3394631853;1173425044;
101625516;1173425044;1173424941;
101625516;1173424941;1173424981;
101625516;1173424981;1173425045;
101625516;1173425045;1173425020;
101625516;1173425020;1173424921;
101625516;1173424921;1173425202;
101625516;1173425202;1173425146;
101625516;1173425146;1173425013;
101625516;1173425013;1173424927;
101625516;1173424927;1178253248;
101625516;1178253248;1173425131;
101625516;1173425131;1173424934;
101625516;1173424934;1173425005;
101625516;1173425005;1173424999;
101625516;1173424999;1173425049;
101625516;1173425049;1173425096;
101625516;1173425096;1173424924;
101625517;1173425185;1173424975;
101625517;1173424975;1173424923;
101625517;1173424923;1167373126;
101627683;1155513023;1173440060;
101627683;1173440060;1173440009;
101627683;1173440009;1173440028;
101627683;1173440028;1173440039;
101627683;1173440039;4614461138;
101627683;4614461138;1173440017;
101627683;1173440017;1173440015;
101627683;1173440015;1174116673;
101627683;1174116673;1173440101;
101627683;1173440101;1173440100;
101627687;1173440099;1173440033;
101627687;1173440033;1173424893;
101627690;1155513071;1173440059;
101627690;1173440059;1173440095;
101627690;1173440095;1173440025;
101627690;1173440025;1173440046;
101627690;1173440046;1173440051;
101627690;1173440051;1183701899;
101627690;1183701899;1173440057;
101627690;1173440057;1191478920;
101627690;1191478920;1173440062;
101627690;1173440062;1173457707;
101627692;1173439982;1173440074;
101627692;1173440074;1173440044;
101627692;1173440044;1173440063;
101627692;1173440063;1173440080;
101627692;1173440080;1173440022;
101627694;1173440023;1173440016;
101627694;1173440016;1173440014;
101627703;1173439992;1183721333;
101627703;1183721333;1173439981;
101628475;1173444041;1173444027;
101628475;1173444027;1173444086;
101628476;1173444096;1173444086;
101628476;1173444086;1193124738;
101628476;1193124738;1174116673;
101628477;1173440017;1193124745;
101628477;1193124745;1173444063;
101628477;1173444063;1173444029;
101628477;1173444029;1173444006;
101628477;1173444006;1173444039;
101628477;1173444039;1173444089;
101628477;1173444089;1173444060;
101628477;1173444060;1173444041;
101628477;1173444041;1173444058;
101628477;1173444058;1173444091;
101629933;1173452972;1173452954;
101629934;4614461147;1173452720;
101629934;1173452720;1173452978;
101629934;1173452978;1173452839;
101629934;1173452839;1173452717;
101629934;1173452717;1173452869;
101629934;1173452869;1173452776;
101629938;1173452766;1173452805;
101629938;1173452805;1173452881;
101629938;1173452881;1173452776;
101629939;1173452761;1173452940;
101629939;1173452940;1173452834;
101629939;1173452834;1173452973;
101629939;1173452973;1173452907;
101629939;1173452907;1173444024;
101629939;1173444024;1173444072;
101629939;1173444072;1173444063;
101629940;1173452812;1173452814;
101629940;1173452814;1173452768;
101629940;1173452768;1173452843;
101629940;1173452843;1173452774;
101629940;1173452774;1173452750;
101629940;1173452750;1173452790;
101629940;1173452790;1173452789;
101629940;1173452789;1173452887;
101629940;1173452887;1173452794;
101629940;1173452794;1173452720;
101629940;1173452720;1173452898;
101629940;1173452898;1173452922;
101629940;1173452922;1173452725;
101629940;1173452725;1173452885;
101629940;1173452885;1173452951;
101629942;1173440076;1173452747;
101629942;1173452747;1173452966;
101629942;1173452966;1173452971;
101629942;1173452971;1173452927;
101629942;1173452927;1173452837;
101629942;1173452837;1173452819;
101629942;1173452819;1173452968;
101629942;1173452968;1173452878;
101629942;1173452878;1173452882;
101629942;1173452882;1173452989;
101629942;1173452989;1173452954;
101629942;1173452954;1173452942;
101629942;1173452942;1173452896;
101629942;1173452896;1173452821;
101629942;1173452821;1173452763;
101629943;1173444099;1173444068;
101629943;1173444068;1173444037;
101629943;1173444037;1173444098;
101629943;1173444098;1173444024;
101629947;1173452973;1173452792;
101629947;1173452792;1173452945;
101629947;1173452945;1173452924;
101629949;1173452741;1173452880;
101629949;1173452880;1173452953;
101629949;1173452953;1173452931;
101629949;1173452931;1173452905;
101629949;1173452905;1173452726;
101629949;1173452726;1173452774;
101629951;1173452776;1173452723;
101629951;1173452723;1173452972;
101629951;1173452972;1173452715;
101629951;1173452715;1173452851;
101629951;1173452851;1173452991;
101629951;1173452991;1173452976;
101629951;1173452976;1173457683;
101629951;1173457683;1173452818;
101629951;1173452818;1809293084;
101630653;1173457693;1173457690;
101630653;1173457690;1173457698;
101630653;1173457698;1173457697;
101630653;1173457697;1173457691;
101630653;1173457691;1809293085;
101630653;1809293085;1173457694;
101630653;1173457694;1173457706;
101630653;1173457706;1173457692;
101630653;1173457692;1191478779;
101630656;1173452819;1173457705;
101630656;1173457705;1173457683;
101633029;1173486994;1173486653;
101633029;1173486653;1173486807;
101633029;1173486807;1173486968;
101633029;1173486968;1173487019;
101633029;1173487019;1173486878;
101633037;1173486940;3394631839;
101633037;3394631839;4296785978;
101633037;4296785978;1173486612;
101633040;3394632024;1173486871;
101633040;1173486871;1173486798;
101633040;1173486798;1173487010;
101633040;1173487010;1173487048;
101633040;1173487048;1173486915;
101633040;1173486915;1173486987;
101633040;1173486987;1173486863;
101633040;1173486863;1173486693;
101633048;3394632027;1173486660;
101633048;1173486660;1173486622;
101633048;1173486622;1173486838;
101633048;1173486838;1173486666;
101633048;1173486666;1173486567;
101633048;1173486567;1173486843;
101633048;1173486843;3394632023;
101633048;3394632023;3394632024;
101633048;3394632024;1173486689;
101633048;1173486689;1173486614;
101633048;1173486614;3394632029;
101633048;3394632029;1173486739;
101633048;1173486739;1173486693;
101633048;1173486693;1173486610;
101633048;1173486610;1173487005;
101633048;1173487005;1173486765;
101633048;1173486765;3394632027;
101633056;1173486612;3394631844;
101633056;3394631844;1173486631;
101633061;1155513057;1173486819;
101633061;1173486819;3394632032;
101633061;3394632032;1173486530;
101633061;1173486530;1173487101;
101633061;1173487101;3394632031;
101633061;3394632031;1173486579;
101633062;1173486959;1173486583;
101633062;1173486583;1173486949;
101633062;1173486949;1173486865;
101633062;1173486865;1173486909;
101633062;1173486909;3394632036;
101633062;3394632036;1173486898;
101633062;1173486898;1173486540;
101633062;1173486540;1173486625;
101633062;1173486625;1173486971;
101633062;1173486971;1173486959;
101633062;1173486959;1173486867;
101633062;1173486867;1173486809;
101633062;1173486809;1173486658;
101633062;1173486658;1173486618;
101633062;1173486618;1173486536;
101633062;1173486536;1173486812;
101693979;1155503714;1174116881;
101693979;1174116881;1174116991;
101693979;1174116991;1174116761;
101693979;1174116761;1174116613;
101693979;1174116613;1719346861;
101693979;1719346861;1174116617;
101693979;1174116617;1174116690;
101693979;1174116690;1174117007;
101693979;1174117007;1174116872;
101693983;1174117036;1174116476;
101693983;1174116476;1174116678;
101693983;1174116678;1174116517;
101693984;1173452750;4614461141;
101693984;4614461141;4614461139;
101693984;4614461139;4614461140;
101693984;4614461140;1174116724;
101693984;1174116724;1174116472;
101693984;1174116472;1174116639;
101693984;1174116639;1174117162;
101693984;1174117162;1174116844;
101694002;1174116534;1174116994;
101694002;1174116994;1174117150;
101694002;1174117150;1174117200;
101694002;1174117200;1174116601;
101694002;1174116601;1174116410;
101694009;1174116653;1174116911;
101694009;1174116911;1174116879;
101694009;1174116879;1174116648;
101694009;1174116648;1174116863;
101694009;1174116863;1174117257;
101694009;1174117257;1174117086;
101694009;1174117086;1174116630;
101694009;1174116630;1174116627;
101694017;1173486812;1174117295;
101694020;1174116975;1174116479;
101694020;1174116479;1174116905;
101694020;1174116905;1174116472;
101694034;1174116615;1174116717;
101694034;1174116717;1174116753;
101694034;1174116753;1174117293;
101694034;1174117293;1174116751;
101694034;1174116751;1174116407;
101694034;1174116407;1174116682;
101694034;1174116682;1191482482;
101694034;1191482482;1174116936;
101694034;1174116936;1174116757;
101694034;1174116757;1174116785;
101694034;1174116785;1174116982;
101694039;1174116910;1174117036;
101694045;1174116634;1174116653;
101694045;1174116653;1174117056;
101694045;1174117056;1174116984;
101694050;1187119125;1174117013;
101694050;1174117013;1174116910;
101694053;1174116875;1183684195;
101694053;1183684195;1174116783;
101694053;1174116783;1174116978;
101694053;1174116978;1183684142;
101694053;1183684142;1174116684;
101694053;1174116684;1174116445;
101694053;1174116445;1174116712;
101694053;1174116712;1173486812;
102067086;1173425092;1167369708;
102067086;1167369708;1173425185;
102067086;1173425185;1178253262;
102067087;1173486840;3394631871;
102067087;3394631871;1178253244;
102067087;1178253244;3394631857;
102067087;3394631857;1178253248;
102067088;1178253262;1173425149;
102067088;1173425149;1178253299;
102067088;1178253299;1174116585;
102067088;1174116585;1174116581;
102067088;1174116581;1174117262;
102067088;1174117262;1178253287;
102067088;1178253287;3394631832;
102067088;3394631832;1173494107;
102067092;1178253299;1178253277;
102067092;1178253277;1178253280;
102067092;1178253280;1178253296;
102067092;1178253296;1178253262;
102067094;1173425055;1173424893;
102067094;1173424893;1173424938;
102067101;1149024601;1188232532;
102067101;1188232532;1149024618;
102067101;1149024618;1149024605;
102067103;1173425055;1178253247;
102137737;1178835891;1178835892;
102390376;1113220224;1113220310;
102390376;1113220310;1159071655;
102390376;1159071655;1155513034;
102390376;1155513034;1160107522;
102390376;1160107522;1174116830;
102390376;1174116830;1155513070;
102390376;1155513070;1155513037;
102390376;1155513037;4722621792;
102390376;4722621792;4722621791;
102390376;4722621791;1159071653;
102390376;1159071653;1155513072;
102390376;1155513072;1173486964;
102390376;1173486964;1155513051;
102390376;1155513051;1173487104;
102390376;1173487104;1155513027;
102390376;1155513027;1155513048;
102390376;1155513048;1155513068;
102390376;1155513068;1158156663;
102390376;1158156663;1158156665;
102391910;1173440065;278973843;
102391910;278973843;278973137;
102493022;1183684104;1183684008;
102493022;1183684008;1183684053;
102493022;1183684053;1183684154;
102493022;1183684154;1183684240;
102493022;1183684240;1183684088;
102493027;1173440014;1173440026;
102493027;1173440026;1173439981;
102493030;1173486949;1183684152;
102493030;1183684152;1183684103;
102493030;1183684103;1183684005;
102493030;1183684005;1183684204;
102493030;1183684204;1183684197;
102493030;1183684197;1183684049;
102493030;1183684049;1183684088;
102493030;1183684088;1183684142;
102493032;1809293089;4614461163;
102493032;4614461163;4614461162;
102493032;4614461162;1183684040;
102493032;1183684040;4614461164;
102493032;4614461164;1183684097;
102493032;1183684097;4614461165;
102493032;4614461165;1183684138;
102493032;1183684138;4614461161;
102493032;4614461161;1183683996;
102493032;1183683996;1183684190;
102493032;1183684190;1183684102;
102493032;1183684102;1183684099;
102493032;1183684099;1183683993;
102493032;1183683993;1183684149;
102493032;1183684149;1183684144;
102493032;1183684144;1183684195;
102493034;1173457707;1173440093;
102493034;1173440093;1173439997;
102493034;1173439997;1173440030;
102493034;1173440030;1173440076;
102493034;1173440076;1183701897;
102493034;1183701897;1173440082;
102493034;1173440082;1173452913;
102493034;1173452913;1173440014;
102493035;1173486815;1173486801;
102493035;1173486801;1173486777;
102493035;1173486777;1173486533;
102493035;1173486533;1174116410;
102493035;1174116410;1173486685;
102493035;1173486685;1173487052;
102493035;1173487052;1173486998;
102493035;1173486998;1173486861;
102493035;1173486861;1173487049;
102493035;1173487049;1173487036;
102493520;1183701890;1183701895;
102493520;1183701895;1183701904;
102493521;1183701897;1183701881;
102493522;1183701893;1183701899;
102493524;1183701891;1173440025;
102494929;1183721318;1183721298;
102494929;1183721298;1183721293;
102494929;1183721293;1183721296;
102494929;1183721296;1183721294;
102494929;1183721294;1183721300;
102494929;1183721300;1183721285;
102494929;1183721285;1183721305;
102494929;1183721305;1183721324;
102494929;1183721324;1183721322;
102494929;1183721322;1183721287;
102494929;1183721287;1183721317;
102494929;1183721317;1183721302;
102494929;1183721302;1183721319;
102494929;1183721319;1183721303;
102494929;1183721303;1183721333;
102783701;1173452789;1187070128;
102783701;1187070128;1187070120;
102783701;1187070120;1187070113;
102789204;1809293141;1187119136;
102789204;1187119136;1191507773;
102789204;1191507773;1187119120;
102789204;1187119120;1701263950;
102789205;1187121673;1187121676;
102789205;1187121676;1187119132;
102789205;1187119132;1187119109;
102789205;1187119109;1193130412;
102789205;1193130412;1187119129;
102789207;1187119129;1187119135;
102789207;1187119135;1187119124;
102789207;1187119124;4561990332;
102789207;4561990332;1187119119;
102789207;1187119119;1187119104;
102789208;1187121699;1187121669;
102789208;1187121669;1187121690;
102789208;1187121690;1187121680;
102789208;1187121680;1187121694;
102789208;1187121694;1187121679;
102789208;1187121679;1187119103;
102789208;1187119103;1187121682;
102789208;1187121682;1187119126;
102789208;1187119126;1809293148;
102789506;1187121685;1187121696;
102789508;1187121668;1187121681;
102789508;1187121681;1187121698;
102789508;1187121698;1187121676;
102789512;1187121678;1187121695;
102789512;1187121695;1187121683;
102789512;1187121683;1187121685;
102789512;1187121685;1187121703;
102790492;1187130541;1187130558;
102790492;1187130558;1187130535;
102790495;1187130545;1187134882;
102790495;1187134882;1187130572;
102790495;1187130572;1187130568;
102790495;1187130568;1187130538;
102790495;1187130538;1187130581;
102790495;1187130581;1187130555;
102790497;1187130585;1187130579;
102790497;1187130579;1187130587;
102790498;1187130561;1187130543;
102790501;1187130580;1187130555;
102790501;1187130555;1187130536;
102790501;1187130536;1155459318;
102790503;1187130549;1187130575;
102790503;1187130575;4561990347;
102790503;4561990347;4561990345;
102790503;4561990345;1187130584;
102790503;1187130584;1187130590;
102790505;1187130543;1187130534;
102790505;1187130534;1187130539;
102790505;1187130539;1187130533;
102790505;1187130533;1187130544;
102790505;1187130544;1187130548;
102790506;1187130542;1187130554;
102790506;1187130554;1187130570;
102790506;1187130570;1187130573;
102790506;1187130573;1190311172;
102790506;1190311172;1187130578;
102790506;1187130578;1187130566;
102790509;1187130559;1187130582;
102790509;1187130582;4561990351;
102790509;4561990351;1187130564;
102790509;1187130564;4561990352;
102790509;4561990352;4561990350;
102790509;4561990350;1187130588;
102790509;1187130588;1187130552;
102790509;1187130552;1187130587;
102790521;1187130552;1187130574;
102790521;1187130574;1187130585;
102790524;1187130558;1187130533;
102790527;4561990351;4561990357;
102790527;4561990357;4561990356;
102790527;4561990356;4561990355;
102790527;4561990355;4561990354;
102790527;4561990354;4561990349;
102790527;4561990349;4561990353;
102790527;4561990353;1187130567;
102790886;4561990368;4561990369;
102790886;4561990369;1187131623;
102790886;1187131623;1187131624;
102790886;1187131624;4561990375;
102790886;4561990375;4561990376;
102790886;4561990376;1187131626;
103013164;1187130585;1187130550;
103013166;1187130567;1187130553;
103013166;1187130553;1187130562;
103013166;1187130562;1187130586;
103013166;1187130586;1187130550;
103013167;1187130567;1187130565;
103013167;1187130565;1187130560;
103013167;1187130560;1103651751;
103013167;1103651751;1187130563;
103013167;1187130563;1187130556;
103013167;1187130556;1187130542;
103013167;1187130542;1187130546;
103013167;1187130546;1187130589;
103013167;1187130589;1187130551;
103015112;1103651797;1103651843;
103015112;1103651843;1103651666;
103015112;1103651666;1103651727;
103015112;1103651727;1103651620;
103015112;1103651620;1103651672;
103015112;1103651672;1187130541;
103015113;1187130548;1187130576;
103015113;1187130576;1757259049;
103015113;1757259049;1187130543;
103015115;1103651670;1103651653;
103015115;1103651653;1103651643;
103015115;1103651643;1103651847;
103015120;1187130541;1187130540;
103015120;1187130540;1103651735;
103015120;1103651735;1103651760;
103015120;1103651760;1103651804;
103015120;1103651804;1103651670;
103015121;1103651727;1189510578;
103015121;1189510578;4614451773;
103015121;4614451773;1189510574;
103015121;1189510574;4614451774;
103015121;4614451774;1189510581;
103015121;1189510581;4614451775;
103015121;4614451775;4614451776;
103015121;4614451776;1189510572;
103015121;1189510572;4614451777;
103015121;4614451777;1189510569;
103015121;1189510569;1103651620;
103015121;1103651620;1103651857;
103015121;1103651857;4614451762;
103015121;4614451762;1103651834;
103015121;1103651834;4614451760;
103015121;4614451760;1103651789;
103015121;1103651789;4614451761;
103015121;4614451761;1103651793;
103015121;1103651793;4614451759;
103015121;4614451759;1103651757;
103015121;1103651757;1103651727;
103015124;1187130544;1187130540;
103091349;1103651724;1189513989;
103091349;1189513989;1193130410;
103091349;1193130410;1187130535;
103091349;1187130535;1190301009;
103091349;1190301009;1103651715;
103091349;1103651715;278973843;
103091350;1187119132;4561990336;
103091350;4561990336;1187121693;
103091350;1187121693;1187121678;
103091350;1187121678;278973843;
103091351;1190301009;4561990338;
103091351;4561990338;1190301007;
103091351;1190301007;4561990337;
103091351;4561990337;1190301013;
103091351;1190301013;1190301012;
103091351;1190301012;1190301008;
103091351;1190301008;1193130444;
103091351;1193130444;1190301006;
103091351;1190301006;1190301015;
103091351;1190301015;1190301014;
103091352;1190301014;4561990339;
103091352;4561990339;1190301011;
103091352;1190301011;1190301017;
103091410;1190311158;1190311179;
103091411;1190311172;1190311176;
103091411;1190311176;1190311156;
103091411;1190311156;1190311175;
103091411;1190311175;1190311170;
103091411;1190311170;1190311176;
103091412;1103651675;4561990366;
103091412;4561990366;1190311179;
103091412;1190311179;1187130577;
103091412;1187130577;1187130546;
103091564;1103651721;269567685;
103091564;269567685;1235202077;
103091564;1235202077;269567686;
103091564;269567686;269567687;
103091564;269567687;1103651609;
103091564;1103651609;269567688;
103187469;1173424961;1173424969;
103187469;1173424969;1173424965;
103187469;1173424965;1173425061;
103187943;1191411619;1191411624;
103187943;1191411624;1191411617;
103187943;1191411617;1191411618;
103187943;1191411618;1191411622;
103187944;1191411620;1191411624;
103190584;1191444665;1191444660;
103190584;1191444660;1191444652;
103190584;1191444652;1174116872;
103190584;1174116872;1174116634;
103190585;1173452749;1173452772;
103190585;1173452772;1173452745;
103190585;1173452745;1173452732;
103190585;1173452732;1173452766;
103190585;1173452766;1173452861;
103190585;1173452861;1173452809;
103190585;1173452809;1173452812;
103190585;1173452812;1173452876;
103190585;1173452876;1173452808;
103190585;1173452808;1173452901;
103190585;1173452901;1173452741;
103190585;1173452741;1173452752;
103190585;1173452752;1174116982;
103190585;1174116982;1173452929;
103190585;1173452929;1173452856;
103190585;1173452856;1173452950;
103190585;1173452950;1173452710;
103190585;1173452710;1173452796;
103190585;1173452796;1173452769;
103190587;1173452913;1173452728;
103190587;1173452728;1173452858;
103190587;1173452858;1173452948;
103190587;1173452948;1173452863;
103190587;1173452863;1173452923;
103190587;1173452923;1173452761;
103190587;1173452761;1173457680;
103190587;1173457680;1173457703;
103190587;1173457703;1173457701;
103190587;1173457701;1173457679;
103190587;1173457679;1173452763;
103190587;1173452763;1173452749;
103190587;1173452749;1173452743;
103190587;1173452743;1173452786;
103190587;1173452786;1173452902;
103190587;1173452902;1173444099;
103190587;1173444099;1173444094;
103190587;1173444094;1173444073;
103190587;1173444073;1173444003;
103190587;1173444003;1173444008;
103190587;1173444008;1173444069;
103190587;1173444069;1173444062;
103190587;1173444062;1173444091;
103190587;1173444091;4242788049;
103190587;4242788049;1173444067;
103190587;1173444067;1191482476;
103190587;1191482476;1173444034;
103190587;1173444034;1173444093;
103190587;1173444093;1173444005;
103190587;1173444005;1173444030;
103190587;1173444030;1173444096;
103190587;1173444096;1174116692;
103190587;1174116692;1174116436;
103190587;1174116436;1174116969;
103190587;1174116969;1174116517;
103190587;1174116517;1174116984;
103190587;1174116984;1174116627;
103190590;1173452910;1173452907;
103190590;1173452907;1173452830;
103190590;1173452830;1173452854;
103192997;1191478916;1191478920;
103192998;4614461146;4614461148;
103192998;4614461148;4614461151;
103192998;4614461151;4614461144;
103193000;1191478925;1191478783;
103193000;1191478783;1191478778;
103193000;1191478778;1191478922;
103193000;1191478922;1191478776;
103193000;1191478776;1809293087;
103193000;1809293087;1809293080;
103193000;1809293080;1191478779;
103193001;1173452951;1173452833;
103193001;1173452833;1173452841;
103193001;1173452841;1173452795;
103193001;1173452795;1173452925;
103193001;1173452925;1173452851;
103193013;1191478775;1191478916;
103193013;1191478916;1191478781;
103193381;1191482476;1191482482;
103194323;1191507764;1191507730;
103194323;1191507730;1191507720;
103194323;1191507720;1191507775;
103194323;1191507775;1191507724;
103194323;1191507724;1191507717;
103194323;1191507717;1191507771;
103194323;1191507771;1187119122;
103194323;1187119122;1187119125;
103194323;1187119125;1187119131;
103194323;1187119131;1187119128;
103194323;1187119128;1187119112;
103194323;1187119112;1187119133;
103194323;1187119133;1187119130;
103194325;1191494005;1187119130;
103195358;1187119122;1187119101;
103195358;1187119101;1187119137;
103195358;1187119137;1187119102;
103195358;1187119102;1187119138;
103195358;1187119138;1187119121;
103195358;1187119121;1187119099;
103195358;1187119099;1187119106;
103195358;1187119106;1187119110;
103195358;1187119110;1187119113;
103195358;1187119113;1187119115;
103195362;1191507728;1191507722;
103195362;1191507722;1191507726;
103195362;1191507726;1191507762;
103195362;1191507762;1191507768;
103195362;1191507768;1701263887;
103195362;1701263887;1187119116;
103318687;1193124738;1193124745;
103318688;1183721296;1193124746;
103318689;1173440100;1173440083;
103318689;1173440083;4541769885;
103318689;4541769885;1173439995;
103318689;1173439995;1173440045;
103318689;1173440045;1173440050;
103318689;1173440050;4541769884;
103318689;4541769884;1173440011;
103318689;1173440011;1173440049;
103318689;1173440049;1173440084;
103318689;1173440084;1173440075;
103318689;1173440075;1173439983;
103318689;1173439983;1173440097;
103318689;1173440097;1173439977;
103318689;1173439977;1722390210;
103318689;1722390210;1173439996;
103318689;1173439996;1173440058;
103318689;1173440058;1173440065;
103318692;1173439981;1173440023;
103318692;1173440023;1155513031;
103319871;1190301012;1193130416;
103319871;1193130416;1193130413;
103319871;1193130413;1193130406;
103319871;1193130406;1193130456;
103319875;1193130444;1193130423;
103319876;1193130410;1193130393;
103319876;1193130393;1193130408;
103319876;1193130408;1193130450;
103319876;1193130450;1193130402;
103319876;1193130402;1193130399;
103319876;1193130399;1193130404;
103319876;1193130404;1193130441;
103319876;1193130441;1193130429;
103319876;1193130429;1193130431;
103319876;1193130431;1193130390;
103319876;1193130390;1193130423;
103319876;1193130423;1193130426;
103319876;1193130426;1190301012;
103319882;1193130412;1193130446;
103319882;1193130446;1193130427;
103319882;1193130427;1193130453;
103319882;1193130453;1193130396;
103319882;1193130396;1193130432;
103319882;1193130432;1193130386;
103319882;1193130386;1193130424;
103319882;1193130424;1193130384;
103319882;1193130384;1193130448;
103319882;1193130448;1193130401;
103319882;1193130401;4541769883;
103319882;4541769883;1193130456;
103319886;1809293141;4561990335;
103319886;4561990335;1809293140;
103319886;1809293140;4561990334;
103319886;4561990334;1187119104;
103319886;1187119104;1187119107;
103319886;1187119107;4561990333;
103319886;4561990333;1187119111;
103319886;1187119111;1187119109;
103363788;1187119129;1719346852;
103363788;1719346852;1187119134;
103363788;1187119134;1190301005;
103363788;1190301005;1190301010;
103363788;1190301010;1190301014;
107480136;1235201992;1235202024;
107480136;1235202024;1235202119;
107480137;1235202073;1235201996;
107480138;269567685;1235201989;
107480138;1235201989;1235201993;
107480138;1235201993;1235202034;
107480138;1235202034;1235202081;
107480138;1235202081;4537308582;
107480138;4537308582;4537308581;
107480138;4537308581;1235202027;
107480138;1235202027;1235202073;
107480138;1235202073;1235202083;
107480138;1235202083;1235202119;
107480138;1235202119;1235202114;
107480138;1235202114;4537308580;
107480138;4537308580;1235202071;
107480138;1235202071;4537308579;
107480138;4537308579;1235202019;
107480142;1235202068;1235201994;
107480142;1235201994;1235202120;
107480142;1235202120;1235202078;
107480142;1235202078;1235202116;
107480143;1235201996;1235202068;
107481526;1235206328;1235206281;
107481526;1235206281;1235206315;
107481526;1235206315;1235206284;
107481526;1235206284;1235206307;
107481526;1235206307;1235206310;
107481526;1235206310;1235206286;
107481526;1235206286;1235206267;
107481526;1235206267;1235206296;
107481526;1235206296;1235206297;
107481526;1235206297;4537308518;
107481526;4537308518;1235206294;
107481526;1235206294;1235206314;
107481526;1235206314;1235206270;
107481526;1235206270;1235206321;
107481526;1235206321;4530717956;
107481526;4530717956;1235206263;
107481526;1235206263;1235206269;
107481526;1235206269;1235206282;
107481526;1235206282;1235206287;
107481526;1235206287;1235206264;
107481526;1235206264;1235206280;
107481526;1235206280;4561990384;
107481526;4561990384;1235206276;
107481526;1235206276;1235206274;
107481526;1235206274;1235206273;
107481526;1235206273;1235206302;
107481526;1235206302;4561990385;
107481526;4561990385;1235206298;
107481526;1235206298;1235206295;
107481526;1235206295;1235206322;
107481526;1235206322;1235206327;
107481526;1235206327;1235206318;
107481526;1235206318;1235206272;
107481526;1235206272;1235206312;
114939603;1300611770;1300611771;
114939603;1300611771;1300611772;
114939603;1300611772;1300611775;
114939603;1300611775;1300611777;
114939603;1300611777;1300611774;
114939603;1300611774;1300611773;
151219504;1640409715;1642562644;
151219504;1642562644;1640409733;
151219504;1640409733;1640409723;
151219504;1640409723;1640409736;
151219504;1640409736;1640409735;
151219506;1640409715;1642562633;
151219506;1642562633;1640409720;
151219506;1640409720;1642562594;
151219506;1642562594;1187121703;
151266907;1187086308;1640849336;
151266907;1640849336;1640849296;
151266907;1640849296;1640849288;
151266907;1640849288;1640849289;
151266907;1640849289;1809293150;
151266907;1809293150;1158156678;
151266907;1158156678;1640849282;
151266907;1640849282;1640849273;
151266907;1640849273;1640849264;
151266907;1640849264;1640849259;
151266907;1640849259;1640849254;
151268273;1640849219;1640849318;
151268273;1640849318;1640849292;
151268604;1640849802;1640849770;
151268604;1640849770;4722418868;
151268604;4722418868;1640849531;
151268604;1640849531;1640849492;
151268604;1640849492;1640849459;
151268604;1640849459;1640409735;
151268604;1640409735;1640409725;
151268604;1640409725;1640409727;
151268604;1640409727;1640409724;
151268604;1640409724;1640409731;
151268604;1640409731;1640409732;
151268604;1640409732;1640409722;
151268604;1640409722;1640409723;
151268608;1640849272;1640849240;
151268608;1640849240;1640849223;
151268608;1640849223;1640849219;
151268608;1640849219;1640849204;
151268608;1640849204;1640409715;
151430439;1642560348;1300611770;
151430439;1300611770;269567682;
151430439;269567682;269567683;
151430439;269567683;1235206328;
151430439;1235206328;269567684;
151430439;269567684;1103651754;
151430439;1103651754;1103651721;
151430440;4614461146;4614461147;
151430440;4614461147;4614461145;
151430440;4614461145;4614461142;
151430440;4614461142;1174116724;
151430440;1174116724;1158156555;
151430440;1158156555;1173452769;
151430440;1173452769;1158156481;
151430440;1158156481;1642562550;
151430440;1642562550;1701263932;
151430440;1701263932;1701263920;
151430440;1701263920;1701263809;
151431015;1642560121;1642560206;
151431015;1642560206;1642560244;
151431096;1642560402;1642560386;
151431096;1642560386;1642560366;
151431096;1642560366;1642560357;
151500380;1167369713;1173425011;
151500380;1173425011;1173424932;
151500380;1173424932;1173424983;
151500380;1173424983;1167373126;
151500381;1173424961;1173425152;
151500382;1173425055;1642560121;
151500382;1642560121;3394631846;
151500382;3394631846;1173425044;
151519021;1190311158;4561990362;
151519021;4561990362;4561990363;
151519021;4561990363;4561990361;
151519021;4561990361;1103651787;
151519180;1235202077;1643320447;
151580173;1644072923;1173425055;
151580213;1178253293;1174116545;
151580213;1174116545;1178253277;
152809579;1103651847;1103651646;
152809579;1103651646;1103651830;
152809579;1103651830;1103651675;
157889980;1640849276;1701263828;
157889980;1701263828;1701264026;
157889980;1701264026;1701263918;
157889980;1701263918;1701263924;
157889980;1701263924;1701263813;
157889980;1701263813;1701263963;
157889980;1701263963;1701263865;
157889980;1701263865;1701263804;
157889980;1701263804;1701263873;
157889980;1701263873;1701263937;
157889980;1701263937;1701264050;
157889982;1701263896;1701263981;
157889982;1701263981;1701264057;
157889982;1701264057;1701263856;
157889982;1701263856;1701263866;
157889982;1701263866;1701263934;
157889982;1701263934;1701264053;
157889982;1701264053;1701264029;
157889982;1701264029;1701263923;
157889983;1701263833;1158156559;
157889983;1158156559;1158156470;
157889984;1701263809;1701263833;
157889985;1701263832;1809293146;
157889985;1809293146;1701263960;
157889985;1701263960;1809293148;
157889987;1187119116;1701264034;
157889987;1701264034;1701263998;
157889987;1701263998;1701263957;
157889988;1701263920;1701263881;
157889988;1701263881;1701263979;
157889988;1701263979;1701263995;
157889988;1701263995;1701263900;
157889988;1701263900;1701264046;
157889988;1701264046;1701263955;
157889988;1701263955;1701264014;
157889988;1701264014;1701263988;
157889988;1701263988;1701263934;
157889990;1701263957;1701263832;
157889991;1701263929;1701263890;
157889991;1701263890;4561990326;
157889991;4561990326;4561990327;
157889991;4561990327;1701264016;
157889991;1701264016;1701263893;
157889991;1701263893;1701263948;
157889991;1701263948;1701263887;
157889992;1701264045;1701264044;
157889993;1701264050;1701263896;
157889994;1701263932;1809293138;
157889994;1809293138;1701263898;
157889994;1701263898;1701263825;
157889994;1701263825;1701263822;
157889994;1701263822;1701263927;
157889994;1701263927;1701263894;
157889994;1701263894;1701263837;
157889994;1701263837;1701263985;
157889994;1701263985;1701263987;
157889994;1701263987;1701263983;
160173421;1155513047;1722390211;
160173423;1178253247;1178253261;
160173423;1178253261;1178253266;
160173423;1178253266;1178253289;
160173423;1178253289;1178253256;
160173429;1722390204;1178253247;
161855281;1173486612;3394631845;
161855281;3394631845;1642560169;
161855281;1642560169;1738101113;
164064695;1187130557;1103651759;
164064695;1103651759;1103651870;
164064695;1103651870;1103651784;
164064695;1103651784;1103651787;
164064695;1103651787;1103651751;
164064695;1103651751;1183721314;
164064698;1187130557;1187130576;
169771394;1191478779;1809293079;
169771394;1809293079;1173457707;
169771395;1173457707;1809293078;
169771395;1809293078;1191478779;
169771398;1173457707;1809293081;
169771398;1809293081;1809293084;
169771399;1809293084;1809293082;
169771399;1809293082;1173457707;
169771402;1174116875;1809293085;
169771403;1173457694;1174116875;
169771418;1187119126;1809293145;
169771418;1809293145;1809293143;
169771421;1809293141;4561990328;
169771421;4561990328;1809293144;
169771421;1809293144;4561990329;
169771421;4561990329;1701263960;
169771422;1809293149;1809293147;
169771422;1809293147;1701263950;
169771423;1701263960;4561990330;
169771423;4561990330;1809293143;
169771423;1809293143;4561990331;
169771423;4561990331;1809293141;
169771433;1809293105;1809293107;
169771433;1809293107;1643123291;
169771433;1643123291;1809293112;
169771433;1809293112;1809293115;
211466026;1155513031;1183701904;
211466026;1183701904;1155513071;
211466026;1155513071;3394632037;
211466026;3394632037;1191393815;
211466026;1191393815;3394632022;
211466026;3394632022;1155513057;
211466026;1155513057;3394632019;
211466026;3394632019;3394632013;
211466026;3394632013;3394632005;
211466026;3394632005;1155513067;
211466026;1155513067;3394631892;
211466026;3394631892;1642560402;
211466026;1642560402;3394631883;
211466026;3394631883;1642560357;
211466026;1642560357;1155513046;
211466026;1155513046;1173425049;
211466027;1155513023;1183721318;
211466027;1183721318;1155513029;
211466027;1155513029;1155513039;
211466027;1155513039;1173452910;
211466027;1173452910;1173452924;
211466027;1173452924;1155513050;
211466027;1155513050;1173439981;
211466029;1173425099;1155459154;
211466029;1155459154;1155459230;
211466029;1155459230;1155459167;
211466029;1155459167;1155459105;
211466031;2214789267;1155459105;
212398599;4541769877;278970270;
212398599;278970270;278970281;
212398599;278970281;4541769870;
212398599;4541769870;278970272;
212398599;278970272;278970273;
212398599;278970273;1809293099;
212398599;1809293099;4541769871;
212398599;4541769871;278970276;
212398599;278970276;1809293097;
212398599;1809293097;4541769872;
212398599;4541769872;278970275;
212398599;278970275;4541769873;
212398599;4541769873;278970278;
212398599;278970278;1809293098;
212398599;1809293098;1809293100;
212398599;1809293100;1809293102;
212398599;1809293102;4541769874;
212398599;4541769874;278970282;
212398599;278970282;4541769875;
212398599;4541769875;1809293105;
212398599;1809293105;4541769876;
212398599;4541769876;278970284;
212398599;278970284;1809293106;
212398599;1809293106;4541769877;
303552308;278973131;278973622;
303552308;278973622;278973623;
303552308;278973623;1809293108;
303552308;1809293108;1103523780;
332348161;1173486878;1173486994;
332348162;1173487005;3394632030;
332348162;3394632030;1173486579;
332348163;1173486579;3394632028;
332348163;3394632028;1173486622;
332348164;1173486994;3394632016;
332348164;3394632016;3394632021;
332348164;3394632021;3394632024;
332348165;1173486666;3394632020;
332348165;3394632020;3394632014;
332348165;3394632014;1173486994;
332348166;1173486840;3394631877;
332348166;3394631877;3394631880;
332348166;3394631880;3394632003;
332348166;3394632003;1173486878;
332348167;1173486878;3394632001;
332348167;3394632001;3394631878;
332348167;3394631878;3394631873;
332348167;3394631873;1173486840;
332348168;1173486612;3394631848;
332348168;3394631848;3394631850;
332348168;3394631850;3394631863;
332348168;3394631863;3394631868;
332348168;3394631868;1173486840;
332348169;1173486840;1173486590;
332348169;1173486590;1173486571;
332348169;1173486571;3394631849;
332348169;3394631849;3394631847;
332348169;3394631847;1173486612;
332348170;1173425051;3394631993;
332348170;3394631993;3394631892;
332348171;3394632005;3394632002;
332348171;3394632002;1173425051;
332348174;1155459245;1155503724;
332348175;1155459245;1155459352;
332348225;3394632031;3394632026;
332348225;3394632026;3394632018;
363389487;1187130569;1187130547;
363389487;1187130547;1187130571;
363389487;1187130571;1187130583;
363389487;1187130583;1187130569;
424920648;4242788049;4242788046;
424920648;4242788046;4242788043;
424920648;4242788043;4541769886;
424920648;4541769886;4242788045;
424920648;4242788045;4242788044;
424920648;4242788044;4242788047;
424920648;4242788047;1173452766;
430395246;1173486612;4296785979;
430395246;4296785979;4296785980;
430395246;4296785980;1173486940;
456839197;4530718321;4530718329;
456839197;4530718329;4530718351;
456839197;4530718351;4530718330;
456839197;4530718330;4530718331;
456839197;4530718331;4530718332;
456839197;4530718332;4530718333;
456839197;4530718333;4530718334;
456839197;4530718334;4530718335;
456839197;4530718335;4530718336;
456839197;4530718336;4530718350;
456839197;4530718350;4530718337;
456839197;4530718337;4530718338;
456839197;4530718338;4530718339;
456839197;4530718339;4530718340;
456839197;4530718340;4530718341;
456839197;4530718341;4530718342;
456839197;4530718342;4530718343;
456839197;4530718343;1640409715;
456839198;4530718335;4530718344;
456839198;4530718344;4530718345;
456839198;4530718345;4530718346;
456839198;4530718346;4530718347;
456839198;4530718347;4530718348;
456839198;4530718348;4530718349;
457618029;1235202068;1235202034;
460567001;4561990344;4561990343;
460567001;4561990343;4561990342;
460567001;4561990342;4561990341;
460567001;4561990341;4561990340;
460567002;1187130575;4561990346;
460567003;4561990348;4561990346;
460567003;4561990346;1187130584;
460567004;1187130587;4561990348;
460567005;4561990349;4561990358;
460567005;4561990358;4561990359;
460567005;4561990359;4561990360;
460567005;4561990360;1187130588;
460567006;4561990363;4561990364;
460567006;4561990364;4561990365;
466704793;4614461144;4614461152;
466704793;4614461152;4614461150;
466704793;4614461150;4614461143;
466704793;4614461143;4614461149;
466704793;4614461149;4614461142;
466704794;4614461143;4614461145;
466704795;4614461145;4614461148;
479087000;1158156470;1158156527;
479087000;1158156527;4541769892;
479087000;4541769892;1159931475;
479087000;1159931475;1158156646;
479113742;1187130569;1187130581;
479113743;4561990368;4561990370;
479113743;4561990370;1187131627;
479113743;1187131627;4561990367;
479113743;4561990367;1103651675;
479113744;1187131624;4561990374;
479113744;4561990374;1187131622;
479113744;1187131622;4561990373;
479113744;4561990373;4561990372;
479113744;4561990372;1187131625;
479113744;1187131625;4561990371;
479113744;4561990371;1187131623;
479115093;1187119130;1191494003;
479115093;1191494003;1701263923;
479115095;1187119116;1187119123;
479115095;1187119123;1187119118;
479115095;1187119118;1187119100;
479115095;1187119100;1187119127;
479115095;1187119127;1187119105;
479115095;1187119105;1187119114;
479115095;1187119114;1174117013;
479115097;1701264044;1701263929;
479115097;1701263929;1187119139;
479115097;1187119139;1191507764;
479115097;1191507764;1187119116;
