5668999;42421951;42421946;
5668999;42421946;1251958156;
5668999;1251958156;42421941;
5669013;42422026;4308240257;
5669013;4308240257;246858433;
5669194;4207806919;4158645792;
5669194;4158645792;4158645793;
5669194;4158645793;4158645791;
5669194;4158645791;4158645796;
5669194;4158645796;278608812;
5669194;278608812;4158644579;
5669194;4158644579;278608814;
5669194;278608814;4158645795;
5669194;4158645795;1541938003;
5669194;1541938003;4158644577;
5669194;4158644577;278608815;
5669194;278608815;4158644584;
5669194;4158644584;278608816;
5669206;486819535;4158786458;
5669206;4158786458;4158786452;
5669206;4158786452;4158786443;
5669206;4158786443;278637105;
5669304;246906179;4149974432;
5669304;4149974432;4149974448;
5669304;4149974448;246906180;
5669304;246906180;4149974433;
5669304;4149974433;4149974438;
5669304;4149974438;246906181;
5669304;246906181;4149974446;
5669304;4149974446;246906182;
5669304;246906182;246906183;
5669304;246906183;588720442;
5669304;588720442;4149974437;
5669304;4149974437;4149974455;
5669304;4149974455;4149974434;
5669304;4149974434;3574648568;
5669304;3574648568;4149974436;
5669304;4149974436;4149974443;
5669304;4149974443;246906186;
5669420;278609934;370759316;
5669631;42427239;42427242;
5669633;42427249;1772140794;
5669633;1772140794;42427251;
5669633;42427251;1772140795;
5669633;1772140795;42427254;
5669636;370705004;4143883226;
5669636;4143883226;4143883228;
5669636;4143883228;4143883225;
5669636;4143883225;4143883227;
5669636;4143883227;278640797;
5669636;278640797;1369956654;
5669702;42427953;42427951;
5669745;42428365;42428558;
5669745;42428558;42428552;
5669745;42428552;42428546;
5669745;42428546;42428534;
5669745;42428534;42428529;
5669745;42428529;1251958193;
5669745;1251958193;42428527;
5669745;42428527;42428524;
5669804;42429362;42429354;
5669815;2824895141;42429512;
5669815;42429512;42429507;
5669815;42429507;42429504;
5669826;2821304146;4452680808;
5669826;4452680808;3942249545;
5669882;42430009;42430007;
5669882;42430007;42430004;
5669882;42430004;4742692784;
5669882;4742692784;2821304138;
5669933;42426747;2034011049;
5669933;2034011049;1772058064;
5669933;1772058064;2034011044;
5669933;2034011044;2034011041;
5669933;2034011041;1772096971;
5669933;1772096971;2034011046;
5669933;2034011046;279151954;
5670058;42431992;1541937953;
5670058;1541937953;42431990;
5670058;42431990;526592044;
5670058;526592044;4158807601;
5670058;4158807601;4158807602;
5670058;4158807602;4158807589;
5670058;4158807589;4158807595;
5670058;4158807595;4158807592;
5670070;42432002;42432001;
5670070;42432001;42432000;
5670108;42442088;42432552;
5670108;42432552;3754499017;
5670108;3754499017;42431871;
5670167;42433205;42433212;
5670167;42433212;42433218;
5670168;42433243;42433237;
5670168;42433237;42433231;
5670174;42433330;3784213866;
5670174;3784213866;3784213868;
5670174;3784213868;673008453;
5670205;42426747;1805328848;
5670205;1805328848;42433834;
5670238;42429521;4207000218;
5670238;4207000218;4207000223;
5670238;4207000223;4206997135;
5670238;4206997135;42433715;
5670267;42434410;3381640178;
5670267;3381640178;42428374;
5670267;42428374;42434412;
5670267;42434412;42434413;
5670268;42434418;42434420;
5670299;42434833;42434832;
5670432;3914862593;588546798;
5670515;42436971;42436974;
5670536;1773060097;42437559;
5670536;42437559;4160342482;
5670536;4160342482;4160344089;
5670536;4160344089;3973686299;
5670536;3973686299;4158807593;
5670536;4158807593;588455886;
5670536;588455886;3898690233;
5670536;3898690233;42433537;
5670536;42433537;3898690226;
5670536;3898690226;42435910;
5670536;42435910;4158807596;
5670536;4158807596;4158807590;
5670536;4158807590;42437124;
5670536;42437124;4158807594;
5670536;4158807594;4158807591;
5670536;4158807591;4158807597;
5670536;4158807597;4158807600;
5670536;4158807600;3884569945;
5670536;3884569945;42433302;
5670536;42433302;4382842417;
5670536;4382842417;42437128;
5670578;42437505;4451722558;
5670578;4451722558;42437503;
5670578;42437503;4451722557;
5670578;4451722557;479847984;
5670578;479847984;42437500;
5670578;42437500;42437499;
5670578;42437499;42437496;
5670578;42437496;4487582555;
5670579;42437519;2348991669;
5670584;42431875;42437552;
5670584;42437552;42437549;
5670584;42437549;42437546;
5670584;42437546;1251359556;
5670584;1251359556;4296895459;
5670584;4296895459;42437542;
5670584;42437542;42437540;
5670584;42437540;42437537;
5670584;42437537;42437536;
5670618;588593097;4206997168;
5670618;4206997168;42433718;
5670657;42438030;4149750389;
5670668;42428376;42438155;
5670703;42422283;4158707249;
5670703;4158707249;4158707248;
5670703;4158707248;3898690195;
5670703;3898690195;42438468;
5670703;42438468;42438471;
5670703;42438471;42438476;
5670832;42439813;3898690216;
5670832;3898690216;3884569950;
5670832;3884569950;42437753;
5670877;42428377;42440335;
5670877;42440335;42440340;
5670877;42440340;42440343;
5670877;42440343;42440345;
5670877;42440345;42433330;
5670877;42433330;42440347;
5670888;42440449;479847982;
5670888;479847982;4451722555;
5670888;4451722555;42437503;
5670888;42437503;4451722560;
5670888;4451722560;42437770;
5670888;42437770;42435928;
5670920;42428524;42431877;
5671008;42442107;42429504;
5671084;272196096;42427412;
5671140;246901366;1430380058;
5671140;1430380058;42443666;
5671140;42443666;42429521;
5671140;42429521;3778160094;
5671140;3778160094;3778160095;
5671140;3778160095;3778160096;
5671140;3778160096;588593097;
5671179;4581870335;4581870334;
5671179;4581870334;4581870333;
5671179;4581870333;42443937;
5671197;42438476;4158725689;
5671197;4158725689;4158725700;
5671197;4158725700;4158725702;
5671197;4158725702;278609760;
5671197;278609760;4158693311;
5671197;4158693311;4158693301;
5671197;4158693301;4158693323;
5671197;4158693323;42444108;
5671197;42444108;4158693315;
5671197;4158693315;4158693317;
5671197;4158693317;4158693300;
5671197;4158693300;4158693299;
5671197;4158693299;4158693292;
5671197;4158693292;4158693291;
5671197;4158693291;4158693324;
5671197;4158693324;1541937964;
5671197;1541937964;4158693329;
5671197;4158693329;4158693330;
5671197;4158693330;4158693321;
5671197;4158693321;4158693296;
5671197;4158693296;1538237325;
5671197;1538237325;4158693314;
5671197;4158693314;4158693326;
5671197;4158693326;1538237276;
5671197;1538237276;42437135;
5671197;42437135;2350521208;
5671197;2350521208;588455857;
5671197;588455857;4158680471;
5671197;4158680471;4158680478;
5671197;4158680478;4158680476;
5671197;4158680476;4158680480;
5671197;4158680480;4158680472;
5671197;4158680472;4158680479;
5671197;4158680479;4158680477;
5671197;4158680477;4158680467;
5671197;4158680467;4158680475;
5671197;4158680475;4158680470;
5671197;4158680470;42444116;
5671197;42444116;4158680473;
5671197;4158680473;4158680466;
5671197;4158680466;4158680474;
5671197;4158680474;42444123;
5671197;42444123;4489003010;
5671197;4489003010;42444129;
5671198;588455698;42444165;
5671198;42444165;42423307;
5671202;42421965;4145794854;
5671202;4145794854;4145794864;
5671202;4145794864;4145794860;
5671202;4145794860;1242148282;
5671202;1242148282;279152098;
5671202;279152098;4145794844;
5671202;4145794844;4145794861;
5671202;4145794861;4145794848;
5671202;4145794848;42444206;
5671202;42444206;4145794858;
5671202;4145794858;1251359554;
5671202;1251359554;42433846;
5671202;42433846;4145794863;
5671202;4145794863;4145794843;
5671202;4145794843;4145794847;
5671202;4145794847;4147546529;
5671202;4147546529;4147546535;
5671202;4147546535;4147546533;
5671202;4147546533;3790255302;
5671202;3790255302;42431902;
5671212;42444277;42444279;
5671212;42444279;42444282;
5671212;42444282;42444285;
5671212;42444285;4158760602;
5671212;4158760602;42444289;
5671212;42444289;4158760604;
5671212;4158760604;42444293;
5671212;42444293;42444297;
5671212;42444297;4158760597;
5671212;4158760597;42437746;
5671212;42437746;4158760600;
5671212;4158760600;4158760596;
5671212;4158760596;1730318417;
5671212;1730318417;4158760601;
5671212;4158760601;4158760598;
5671212;4158760598;42443832;
5671212;42443832;1773055860;
5671214;42427951;1251958125;
5671221;42444479;1772104735;
5671221;1772104735;42444480;
5671221;42444480;2687645210;
5671221;2687645210;42431889;
5671436;42446640;793880940;
5671436;793880940;42446632;
5671436;42446632;4207000391;
5671436;4207000391;42436181;
5671436;42436181;4206997188;
5671436;4206997188;4206997180;
5671436;4206997180;42446622;
5671436;42446622;4206997176;
5671436;4206997176;42428368;
5671581;42438523;42432001;
5671584;42433302;42448430;
5671584;42448430;496707005;
5671584;496707005;482807379;
5671584;482807379;42448440;
5671587;42443844;1683645326;
5671587;1683645326;4143876144;
5671587;4143876144;3942249544;
5671587;3942249544;1272562931;
5671587;1272562931;1272562778;
5671587;1272562778;4143876141;
5671587;4143876141;3790255320;
5671587;3790255320;278641329;
5671587;278641329;4143876143;
5671587;4143876143;4143875740;
5671587;4143875740;42448447;
5671587;42448447;1272562928;
5671587;1272562928;4143876123;
5671587;4143876123;42448448;
5671587;42448448;1272562927;
5671587;1272562927;278641497;
5671593;278641497;4143876140;
5671593;4143876140;4143876139;
5671593;4143876139;42448469;
5671593;42448469;42448483;
5671593;42448483;4158673495;
5671599;42440284;42440340;
5671615;42427951;42437536;
5671647;4207806922;1632548811;
5671647;1632548811;3212677241;
5671647;3212677241;3212472605;
5671647;3212472605;42437481;
5671649;42437472;42448951;
5671649;42448951;1632548810;
5671649;1632548810;4207806920;
5671717;42444277;1754817323;
5671717;1754817323;3884569946;
5671717;3884569946;42437749;
5671795;42444391;42440650;
5672006;42426747;1805328855;
5672006;1805328855;1772062007;
5672006;1772062007;42444355;
5672027;42436184;42452310;
5672027;42452310;4599130007;
5672027;4599130007;42452314;
5672060;42452556;42437465;
5672076;42423303;370888101;
5672146;42428365;4206998287;
5672146;4206998287;42452984;
5672146;42452984;4145586931;
5672146;4145586931;4145586916;
5672146;4145586916;4145586938;
5672146;4145586938;4145586926;
5672146;4145586926;42436202;
5672148;42451370;4207000225;
5672148;4207000225;4145416881;
5672148;4145416881;4145416876;
5672148;4145416876;4207000214;
5672148;4207000214;4145416879;
5672148;4145416879;42452994;
5672244;246911576;3574648569;
5672244;3574648569;588593059;
5672337;278608816;278609071;
5672337;278609071;4158737895;
5672337;4158737895;4158737904;
5672337;4158737904;4158737905;
5672337;4158737905;4158737897;
5672337;4158737897;4158737901;
5672337;4158737901;4158737894;
5672337;4158737894;4158737891;
5672337;4158737891;4158737899;
5672337;4158737899;4158737896;
5672337;4158737896;278609072;
5672337;278609072;4158737893;
5672337;4158737893;205025964;
5672337;205025964;205025963;
5672337;205025963;4158737889;
5672337;4158737889;42453792;
5672337;42453792;4158737900;
5672337;4158737900;4158737907;
5672337;4158737907;4158737898;
5672337;4158737898;4158737903;
5672337;4158737903;4158737892;
5672337;4158737892;278646241;
5672337;278646241;4158737890;
5672337;4158737890;1272562796;
5672337;1272562796;4158737906;
5672337;4158737906;1272562912;
5672337;1272562912;4158737902;
5672337;4158737902;1272562907;
5672337;1272562907;4158738303;
5672337;4158738303;4158738305;
5672337;4158738305;278642478;
5672337;278642478;278642480;
5672377;42438155;4741335326;
5672377;4741335326;4741335323;
5672377;4741335323;42453934;
5672377;42453934;42440290;
5672377;42440290;42453943;
5672377;42453943;42453952;
5672402;42437490;482807376;
5672402;482807376;42437763;
5672499;42454600;42452630;
5672499;42452630;42444223;
5672550;42444242;3787089107;
5672550;3787089107;42452708;
5672550;42452708;42454798;
5672550;42454798;42444424;
5672550;42444424;4680481169;
5672550;4680481169;42422056;
5672893;42436178;4206997150;
5672893;4206997150;4206997143;
5672893;4206997143;42456297;
5672911;42437465;42448430;
5672911;42448430;42437755;
5672911;42437755;42435916;
5672911;42435916;42433539;
5672911;42433539;42453691;
5672925;588546798;4145586933;
5672925;4145586933;4145439096;
5672925;4145439096;4145439093;
5672925;4145439093;4145439102;
5672925;4145439102;588546882;
5672925;588546882;4145439091;
5672925;4145439091;4145439101;
5672925;4145439101;4145439092;
5672925;4145439092;1772136808;
5672925;1772136808;4207802392;
5672942;42456583;42454708;
5672942;42454708;42440278;
5672973;42436202;42456864;
5672973;42456864;4145586935;
5672973;4145586935;4145586939;
5672973;4145586939;4145586924;
5672973;4145586924;42456867;
5672973;42456867;42456872;
5672973;42456872;4145586928;
5672973;4145586928;42456877;
5672973;42456877;42456880;
5672973;42456880;4145586917;
5672973;4145586917;42424525;
5672973;42424525;42456297;
5672973;42456297;4149936235;
5672973;4149936235;4149936232;
5672973;4149936232;42456884;
5672973;42456884;4739552810;
5672973;4739552810;4206997175;
5672973;4206997175;42446622;
5672973;42446622;4206997181;
5672973;4206997181;4739552807;
5672973;4739552807;4739552805;
5672973;4739552805;4739552801;
5672973;4739552801;1506902240;
5672973;1506902240;42456888;
5672973;42456888;42434412;
5672973;42434412;42422038;
5672978;42422046;42454792;
5672986;42444108;205025778;
5673035;3350498747;42452620;
5673038;42448593;3809535934;
5673038;3809535934;42456492;
5673073;42438529;42436974;
5673073;42436974;42432002;
5673073;42432002;42434833;
5673073;42434833;4501160114;
5673073;4501160114;4501160116;
5673073;4501160116;42457591;
5673073;42457591;4501160118;
5673073;4501160118;3659164543;
5673073;3659164543;42427750;
5673075;42433834;1772096966;
5673075;1772096966;1772058063;
5673075;1772058063;1772062005;
5673075;1772062005;42444360;
5673077;42433324;4382842410;
5673077;4382842410;588455858;
5673077;588455858;42452556;
5673078;42433834;3738794335;
5673078;3738794335;42431898;
5673119;42437481;4300929353;
5673119;4300929353;1632548679;
5673119;1632548679;4300929352;
5673119;4300929352;42448442;
5673119;42448442;4207806924;
5673205;42456884;4206997152;
5673205;4206997152;42428366;
5673211;42428379;42453934;
5673530;42453943;4741363708;
5673530;4741363708;42428391;
5673581;42440280;3942012643;
5673581;3942012643;42456583;
5673581;42456583;42440345;
5673591;42459820;4158676997;
5673591;4158676997;4158676990;
5673591;4158676990;4680481154;
5673591;4680481154;42448483;
5673594;42452994;4145416873;
5673594;4145416873;4145416875;
5673594;4145416875;42422816;
5673594;42422816;4145416878;
5673594;4145416878;4145416872;
5673594;4145416872;4145416880;
5673594;4145416880;588546882;
5673594;588546882;1772136810;
5673628;42436192;1506902240;
5674356;42463965;451076054;
5674356;451076054;451076056;
5674356;451076056;451076059;
5675465;42469341;42469336;
5675465;42469336;2687331105;
5675509;42469596;42463965;
5676045;42472268;42469329;
5676833;42469180;1258945503;
5676833;1258945503;1258945569;
5676833;1258945569;1258945669;
5676833;1258945669;4633919995;
5676929;42472724;2342950053;
5676929;2342950053;1329106727;
5676929;1329106727;380059968;
5676929;380059968;4095826206;
5676929;4095826206;380059967;
5676939;598050845;1670401557;
5676939;1670401557;598050853;
5676939;598050853;1670401569;
5676939;1670401569;598050854;
5676939;598050854;1670401565;
5676939;1670401565;1670401559;
5676939;1670401559;598050855;
5676939;598050855;598050846;
5676939;598050846;42481022;
5677124;42483438;598054754;
5677124;598054754;473364903;
5677124;473364903;42483440;
5677463;42487125;42487131;
5677463;42487131;42487137;
5677958;42462219;3000084364;
5677958;3000084364;3000082215;
5677958;3000082215;3000084342;
5677958;3000084342;42469341;
5677962;4633919995;1258945563;
5677962;1258945563;1258945508;
5677962;1258945508;42472722;
5678062;42493375;3174844147;
5678323;598054771;250451189;
5678368;451023550;1258945580;
5678368;1258945580;451023582;
5678368;451023582;42483450;
5678368;42483450;42498552;
5678461;42493380;42499339;
5678557;42500309;42500303;
5678557;42500303;42500302;
5678882;42500303;42503814;
5678904;248607283;1258945484;
5678904;1258945484;1258945647;
5678904;1258945647;1258945643;
5678904;1258945643;1258945612;
5678904;1258945612;42503938;
5678904;42503938;1258945407;
5678904;1258945407;248607250;
5678904;248607250;1258945615;
5678904;1258945615;1258945371;
5678904;1258945371;248607249;
5678904;248607249;248607248;
5678904;248607248;248607247;
5678904;248607247;3001730948;
5678904;3001730948;248607236;
5678904;248607236;42499996;
5678955;42504383;42504385;
5678975;42472736;42500309;
5679418;42510153;42487131;
5679418;42487131;42479472;
5679611;42502400;42513253;
5679611;42513253;451023556;
5679611;451023556;1258945461;
5679611;1258945461;451023553;
5679611;451023553;1258945648;
5679611;1258945648;451023550;
5680052;42517618;42496966;
5680052;42496966;42517622;
5680052;42517622;42475998;
5680052;42475998;42488906;
5680052;42488906;3659082375;
5680052;3659082375;2406352159;
5680167;42519202;42498552;
5680167;42498552;42502401;
5680167;42502401;219785443;
5680167;219785443;4400225690;
5680167;4400225690;42517910;
5680167;42517910;42483640;
5680167;42483640;42517597;
5680167;42517597;42519216;
5680167;42519216;42476721;
5680167;42476721;42485640;
5680167;42485640;42519223;
5680167;42519223;42519230;
5680167;42519230;42519232;
5680167;42519232;42517465;
5680167;42517465;42497773;
5680167;42497773;42519238;
5680167;42519238;42511349;
5680220;42519809;3026465853;
5680220;3026465853;3026465851;
5680220;3026465851;598054704;
5680220;598054704;42519812;
5680522;42469329;42522816;
5680633;42523694;3174844149;
5680633;3174844149;42499341;
5680883;42526133;42501454;
5680986;42479472;42479478;
5681341;2406352159;42531551;
5681341;42531551;42531557;
5681341;42531557;3590804723;
5681341;3590804723;3590804724;
5681341;3590804724;42531560;
5681341;42531560;3590804725;
5681341;3590804725;3590804726;
5681399;42479465;42472728;
5681399;42472728;2358967533;
5681399;2358967533;42469361;
5681437;42523931;42504383;
5681437;42504383;42531557;
5681571;42533939;999184395;
5681571;999184395;42493375;
5681925;370880729;2012177069;
5681925;2012177069;4150144209;
5681925;4150144209;4150144243;
5681925;4150144243;4150144234;
5681925;4150144234;42457253;
5681925;42457253;4150144238;
5681925;4150144238;4150144256;
5681925;4150144256;4150144232;
5681925;4150144232;4150144265;
5681925;4150144265;4150144222;
5681925;4150144222;4150144233;
5681925;4150144233;4150144267;
5681925;4150144267;4150144220;
5681925;4150144220;4150144259;
5681925;4150144259;4150144218;
5681925;4150144218;4150144210;
5681925;4150144210;42457266;
5681925;42457266;4150144255;
5681925;4150144255;4150144231;
5681925;4150144231;4150144268;
5681925;4150144268;42457268;
5681925;42457268;4150144260;
5681925;4150144260;4150144236;
5681925;4150144236;4150144221;
5681925;4150144221;4150144242;
5681925;4150144242;4150144264;
5681925;4150144264;4150144206;
5681925;4150144206;373864862;
5681925;373864862;4150144266;
5681925;4150144266;4150144269;
5681925;4150144269;4150144247;
5681925;4150144247;4150144258;
5681925;4150144258;4150144263;
5681925;4150144263;4150144251;
5681925;4150144251;42511260;
5682020;42472714;42469336;
5682020;42469336;42500003;
19726066;370888099;205024435;
19726066;205024435;205024436;
19726066;205024436;205024437;
19726066;205024437;205024439;
19726066;205024439;205024440;
19726066;205024440;205024441;
19726066;205024441;205024443;
19726366;1538237325;4158708496;
19726366;4158708496;4158708493;
19726366;4158708493;4158708494;
19726366;4158708494;1541937966;
19726366;1541937966;588456029;
19726366;588456029;205025778;
20254339;1103953627;4243266511;
20254339;4243266511;214362644;
22898087;42451402;4145735056;
22898087;4145735056;4145735059;
22898087;4145735059;205020852;
22927765;246911576;4149993885;
22927765;4149993885;4149993883;
22927765;4149993883;4149993889;
22927765;4149993889;246899082;
22927765;246899082;4149993884;
22927765;4149993884;246899083;
22927850;246858431;588593414;
22927850;588593414;4143835709;
22927850;4143835709;4143835085;
22927850;4143835085;4143835704;
22927850;4143835704;4143835702;
22927850;4143835702;246906179;
22927873;588593353;3790255299;
22927873;3790255299;588593358;
22927873;588593358;4149748666;
22927873;4149748666;246909744;
22927873;246909744;246899801;
22927903;3574612293;4149748663;
22927903;4149748663;4149748672;
22927903;4149748672;4149748668;
22927903;4149748668;4149748661;
22927903;4149748661;4149748669;
22927906;246900041;4145432037;
22927906;4145432037;4145432035;
22927906;4145432035;588593383;
22927906;588593383;4145432038;
22927906;4145432038;4145434709;
22927906;4145434709;4145434710;
22927906;4145434710;42451370;
22927941;42424521;4149936229;
22927941;4149936229;4206997137;
22927941;4206997137;588650232;
22927941;588650232;4149938189;
22927941;4149938189;4149936237;
22927941;4149936237;4149936247;
22927941;4149936247;42456297;
22927946;42443666;1430380135;
22927946;1430380135;42433712;
22928102;588593611;246866788;
22928102;246866788;2782283122;
22928102;2782283122;793880341;
22928102;793880341;42427411;
23042542;42503949;42497721;
23168540;42499999;42501454;
23168540;42501454;2687331105;
23168547;1258945452;1103953636;
23168547;1103953636;42472714;
23168547;42472714;42462219;
23168547;42462219;3000082204;
23168547;3000082204;42472722;
23168547;42472722;42472724;
23168547;42472724;42469184;
23168559;42469180;42469184;
23168559;42469184;42469188;
23168559;42469188;380059967;
23168559;380059967;42469193;
23168559;42469193;598054770;
23168559;598054770;598054735;
23168559;598054735;42469205;
23168562;4555926569;42497722;
23168562;42497722;4384069443;
23168567;42492409;42492404;
23168567;42492404;2358967545;
23168567;2358967545;42492401;
23168577;42525712;561042184;
23168577;561042184;410401061;
23168577;410401061;473364899;
23168577;473364899;42519812;
23168580;42503949;494545764;
23168580;494545764;42503956;
23168582;42499996;42499999;
23168586;42469364;42469362;
23168586;42469362;42469361;
25561915;42422270;4145704200;
25561915;4145704200;4145704193;
25561915;4145704193;205018129;
25561967;588455738;278608806;
25561967;278608806;278647807;
25561967;278647807;278608572;
25561967;278608572;4158723714;
25561967;4158723714;278608571;
25562074;3884569924;3898690199;
25562074;3898690199;587988036;
25562074;587988036;4158709413;
25562074;4158709413;4158751331;
25562074;4158751331;588455738;
25562074;588455738;4158709415;
25562074;4158709415;587988048;
25562074;587988048;278609759;
25562074;278609759;4158693313;
25562074;4158693313;4158693306;
25562074;4158693306;278609760;
25562077;486819534;4158753820;
25562077;4158753820;4158753824;
25562077;4158753824;4158753826;
25562077;4158753826;278638231;
25562077;278638231;1272562854;
25562077;1272562854;486819593;
25562077;486819593;1272562853;
25562077;1272562853;1272562742;
25562077;1272562742;278638232;
25562077;278638232;1272562857;
25562077;1272562857;1272562859;
25562077;1272562859;278638233;
25562077;278638233;1272562842;
25562077;1272562842;42423625;
25562077;42423625;1272562837;
25562077;1272562837;1272562876;
25562077;1272562876;1272562830;
25562077;1272562830;42423628;
25562079;3884569924;3898690198;
25562079;3898690198;4158749893;
25562079;4158749893;4158749892;
25562079;4158749892;4158749901;
25562079;4158749901;588456067;
25562079;588456067;278609863;
25562079;278609863;588719148;
25562090;278609934;3898690197;
25562090;3898690197;4158749898;
25562090;4158749898;278609933;
25562090;278609933;4158749900;
25562090;4158749900;278609932;
25562090;278609932;4158749899;
25562090;4158749899;4158749897;
25562090;4158749897;4158749896;
25562090;4158749896;4158749894;
25562090;4158749894;278609931;
25562090;278609931;278609863;
25564137;278608420;4158693307;
25564137;4158693307;4158693304;
25564137;4158693304;278608510;
25564137;278608510;4158693308;
25564137;4158693308;4158693309;
25564137;4158693309;4158693318;
25564137;4158693318;4158693319;
25564137;4158693319;278608509;
25564137;278608509;588455737;
25564255;278638234;4158753832;
25564255;4158753832;1272562800;
25564255;1272562800;4158753831;
25564255;4158753831;4158753823;
25564255;4158753823;278638344;
25564255;278638344;4158764229;
25564255;4158764229;1272562720;
25564255;1272562720;1272562711;
25564255;1272562711;4158764232;
25564312;588719108;370759317;
25564312;370759317;4158752893;
25564312;4158752893;4158752892;
25564312;4158752892;278639857;
25564312;278639857;278639858;
25564312;278639858;4158771532;
25564312;4158771532;4158771530;
25564312;4158771530;4158771531;
25564312;4158771531;370759314;
25564368;272195272;3942249550;
25564368;3942249550;3616539851;
25564368;3616539851;272195273;
25564368;272195273;4143885430;
25564368;4143885430;3616539848;
25564368;3616539848;370705004;
25564482;278641497;4143876135;
25564482;4143876135;4143876142;
25564482;4143876142;4143876128;
25564482;4143876128;4143875749;
25564482;4143875749;4143875763;
25564482;4143875763;4143875760;
25564482;4143875760;4143875744;
25564482;4143875744;4143875753;
25564482;4143875753;278642127;
25564482;278642127;1272562920;
25564482;1272562920;278642128;
25564482;278642128;1272562696;
25564482;1272562696;4143875726;
25564482;4143875726;4143875765;
25564482;4143875765;278642129;
25564482;278642129;983501181;
25564482;983501181;983501173;
25564482;983501173;588546438;
25564482;588546438;588546441;
25564482;588546441;4158789492;
25564482;4158789492;1272562921;
25564482;1272562921;4158789502;
25564482;4158789502;1251908574;
25564540;1272562931;4143876125;
25564540;4143876125;1272562777;
25564540;1272562777;4143875722;
25564540;4143875722;278642768;
25564540;278642768;4143875759;
25564540;4143875759;1272562802;
25564540;1272562802;1272562791;
25564540;1272562791;278642769;
25564540;278642769;1272562790;
25564540;1272562790;278642770;
25564540;278642770;4143875751;
25564540;4143875751;1272562783;
25564540;1272562783;278642771;
25564540;278642771;4143875731;
25564540;4143875731;4143875762;
25564540;4143875762;1272562895;
25564571;278639868;4158760610;
25564571;4158760610;4158760608;
25564571;4158760608;4158760594;
25564571;4158760594;278642951;
25564571;278642951;497412701;
25564571;497412701;4158707235;
25564571;4158707235;4158707241;
25564571;4158707241;3898690201;
25564571;3898690201;3884569931;
25564580;278639868;42423631;
25564580;42423631;278639378;
25564580;278639378;4158786445;
25564580;4158786445;4158786459;
25564580;4158786459;4158786457;
25564580;4158786457;4158786436;
25564580;4158786436;4158786463;
25564580;4158786463;278639379;
25564580;278639379;4158786438;
25564580;4158786438;4158677005;
25564580;4158677005;4158786462;
25564580;4158786462;497412702;
25564580;497412702;4158786455;
25564580;4158786455;42448469;
25564592;1773055862;4158789506;
25564592;4158789506;4158789500;
25564592;4158789500;4158789496;
25564592;4158789496;4158789489;
25564592;4158789489;1251908574;
32922453;486819536;4158786451;
32922453;4158786451;1272562763;
32922453;1272562763;1272562875;
32922453;1272562875;278636741;
32922453;278636741;4143892292;
32922453;4143892292;1272562735;
32922453;1272562735;1272562878;
32922453;1272562878;274308392;
32922453;274308392;274308393;
32922453;274308393;4143892293;
32922453;4143892293;4143892291;
32922453;4143892291;4143892294;
32922453;4143892294;1272562861;
32922454;370759314;588751700;
32922454;588751700;4158794798;
32922454;4158794798;4158794792;
32922454;4158794792;4158794793;
32922454;4158794793;588751704;
32922454;588751704;4158794794;
32922454;4158794794;588751712;
32922454;588751712;4158794797;
32922454;4158794797;4158794791;
32922454;4158794791;588751662;
32922454;588751662;588751672;
32922456;4158764232;4158764230;
32922456;4158764230;1272562706;
32922456;1272562706;278638345;
32922456;278638345;588455883;
32922456;588455883;4158764231;
32922456;4158764231;3884569924;
32922457;370759312;4158676991;
32922457;4158676991;4158676996;
32922457;4158676996;1541938042;
32922457;1541938042;4158677002;
32922457;4158677002;588719213;
32922457;588719213;4158676995;
32922457;4158676995;4158677006;
32922457;4158677006;4158676998;
32922457;4158676998;1541937969;
32922457;1541937969;4158708495;
32922457;4158708495;3884569921;
32922457;3884569921;4158708491;
32922457;4158708491;4158708492;
32922457;4158708492;587988061;
32922458;278608571;4158723718;
32922458;4158723718;4158723722;
32922458;4158723722;278608570;
32922458;278608570;4158723720;
32922458;4158723720;4158723717;
32922458;4158723717;278608439;
32922458;278608439;4158723719;
32922458;4158723719;4158723713;
32922458;4158723713;4158723721;
32922458;4158723721;4158723716;
32922458;4158723716;4158723715;
32922458;4158723715;205018750;
32922458;205018750;4158725696;
32922458;4158725696;4158725691;
32922458;4158725691;4158725695;
32922458;4158725695;4158725692;
32922458;4158725692;4158725694;
32922458;4158725694;4158725703;
32922458;4158725703;4158725690;
32922458;4158725690;205019740;
32922459;588719148;278609865;
32922459;278609865;4158665081;
32922459;4158665081;4158665080;
32922459;4158665080;4158660398;
32922459;4158660398;4158660394;
32922459;4158660394;4158660393;
32922459;4158660393;4158660390;
32922459;4158660390;278608718;
32922464;370759316;4158738304;
32922464;4158738304;278644847;
32922464;278644847;1272562919;
32922464;1272562919;1701871940;
32922464;1701871940;1272562753;
32922464;1272562753;1272562930;
32922464;1272562930;1272562934;
32922464;1272562934;1701871942;
32922464;1701871942;1272562909;
32922464;1272562909;1701871945;
32922464;1701871945;1701871923;
32922464;1701871923;278642478;
32922468;278637105;4158786434;
32922468;4158786434;1272562803;
32922468;1272562803;278637106;
32922468;278637106;1272562811;
32922468;1272562811;278637107;
32922468;278637107;1272562809;
32922468;1272562809;4158786446;
32922468;4158786446;1272562816;
32922468;1272562816;4158786449;
32922468;4158786449;1272562836;
32922468;1272562836;42423539;
32922468;42423539;4158786460;
32922468;4158786460;1272562910;
32934341;370880731;3574659942;
32934341;3574659942;4149936242;
32934341;4149936242;4149936241;
32934341;4149936241;4149936234;
32934341;4149936234;4149936240;
32934341;4149936240;4149936236;
32934341;4149936236;246909444;
32934341;246909444;246909446;
32934343;246906186;4149974449;
32934343;4149974449;246906187;
32934343;246906187;4149974439;
32934343;4149974439;246906188;
32934343;246906188;4149974445;
32934343;4149974445;4149974431;
32934343;4149974431;246906189;
32934343;246906189;4149974430;
32934343;4149974430;4149974447;
32934343;4149974447;246906190;
32934343;246906190;4149974429;
32934343;4149974429;42424494;
32934343;42424494;4149974458;
32934343;4149974458;4149974426;
32934343;4149974426;3574648567;
32934351;42444200;2897578473;
32934351;2897578473;2897578474;
32934351;2897578474;2792083053;
32934351;2792083053;2897578475;
32934351;2897578475;2792083055;
32934351;2792083055;1805328840;
32934351;1805328840;42426747;
32934353;370880734;370880761;
32934355;42451409;4145680644;
32934355;4145680644;4145680647;
32934355;4145680647;42451436;
32934355;42451436;42451441;
32934355;42451441;4145680639;
32934355;4145680639;4145680637;
32934355;4145680637;4145680638;
32934355;4145680638;4145704202;
32934355;4145704202;4145704199;
32934355;4145704199;42422270;
32934358;370880739;4147198090;
32934358;4147198090;2895164301;
32934358;2895164301;370880741;
32934358;370880741;2895163400;
32934358;2895163400;370880743;
32934358;370880743;2895163399;
32934358;2895163399;4147197188;
32934358;4147197188;2895163398;
32934358;2895163398;370880746;
32934358;370880746;2895163397;
32934358;2895163397;370880748;
32934358;370880748;3790255300;
32934358;3790255300;2895163395;
32934358;2895163395;3790255319;
32934358;3790255319;4147198089;
32934358;4147198089;4147197187;
32934358;4147197187;370880759;
32934358;370880759;4147198091;
32934358;4147198091;4147197186;
32934358;4147197186;3790255311;
32934358;3790255311;205020852;
32934362;205020852;4147043295;
32934362;4147043295;4147043292;
32934362;4147043292;4147043293;
32934362;4147043293;3790255313;
32934362;3790255313;4147043294;
32934362;4147043294;4147043291;
32934362;4147043291;2378397706;
32934362;2378397706;370880753;
32934362;370880753;370880754;
32934362;370880754;4145794849;
32934362;4145794849;370880756;
32934362;370880756;3790255317;
32934362;3790255317;370880758;
32934362;370880758;588455953;
32934362;588455953;2902542858;
32934362;2902542858;4145794846;
32934362;4145794846;4156726378;
32934362;4156726378;4145794856;
32934362;4145794856;42421951;
32934364;370880761;4147546539;
32934364;4147546539;4147546532;
32934364;4147546532;4147546531;
32934364;4147546531;4147546530;
32934364;4147546530;4147546537;
32934364;4147546537;3790255309;
32934364;3790255309;3790255308;
32934364;3790255308;4147546534;
32934364;4147546534;3790255307;
32934364;3790255307;3790255306;
32934364;3790255306;4147546540;
32934364;4147546540;3790255305;
32934364;3790255305;3790255304;
32934364;3790255304;3790255302;
32935106;370880761;4145735058;
32935106;4145735058;205021623;
32935106;205021623;4145735065;
32935106;4145735065;4145735054;
32935106;4145735054;4145735060;
32935106;4145735060;4145735057;
32935106;4145735057;205021625;
32935106;205021625;3790255310;
32935106;3790255310;4145735066;
32935106;4145735066;4145735061;
32935106;4145735061;205021626;
32935106;205021626;205021627;
32935106;205021627;4149739462;
32935107;42422270;42423662;
32935107;42423662;4145704196;
32935107;4145704196;4145704189;
32935107;4145704189;205019285;
32935107;205019285;1369956652;
32935108;1369956652;4145704194;
32935108;4145704194;4158646435;
32935108;4158646435;4145704198;
32935108;4145704198;4158646440;
32935108;4158646440;4145704190;
32935108;4145704190;4145704201;
32935108;4145704201;4145704195;
32935108;4145704195;205019393;
32935108;205019393;4158646434;
32935108;4158646434;4158646431;
32935108;4158646431;4158646442;
32935108;4158646442;4158646429;
32935108;4158646429;42451448;
32935108;42451448;4158646439;
32935108;4158646439;4158646441;
32935108;4158646441;4158646436;
32935108;4158646436;4158646430;
32935108;4158646430;205023847;
32935108;205023847;4158646438;
32935108;4158646438;4158646432;
32935108;4158646432;4158646433;
32935108;4158646433;205023848;
32935108;205023848;4158646437;
32935108;4158646437;4158649700;
32935108;4158649700;4158649705;
32935108;4158649705;4158649703;
32935108;4158649703;4158649706;
32935108;4158649706;4158649704;
32935108;4158649704;205023849;
32935108;205023849;4158649702;
32935108;4158649702;4158649701;
32935108;4158649701;4158652189;
32935108;4158652189;4158652190;
32935108;4158652190;42451454;
32935108;42451454;4158655053;
32935108;4158655053;4158654692;
32935108;4158654692;4158654691;
32935108;4158654691;4158655052;
32935108;4158655052;4158654694;
32935108;4158654694;278608643;
32935109;278608643;4158654695;
32935109;4158654695;4158654690;
32935109;4158654690;42451465;
32935109;42451465;4158654693;
32935109;4158654693;4158654689;
32935109;4158654689;42451485;
32935109;42451485;42451489;
32935109;42451489;42451494;
32935109;42451494;205022835;
32935109;205022835;370888098;
32935111;370888098;42423307;
32935111;42423307;42451503;
32935111;42451503;3235903195;
32935111;3235903195;42423300;
32935111;42423300;370891820;
32935111;370891820;42451508;
32935111;42451508;42451513;
32935111;42451513;42451518;
32935111;42451518;42451523;
32935111;42451523;370891819;
32935111;370891819;370891818;
32935111;370891818;42437522;
32935111;42437522;370888802;
32935111;370888802;370892861;
32935112;370888100;370888101;
32936739;370901769;42450849;
32936739;42450849;42450845;
32936739;42450845;42450840;
32936739;42450840;42450833;
32936739;42450833;42450831;
32936739;42450831;42450829;
32936739;42450829;42450825;
32936739;42450825;42423039;
32936739;42423039;370891815;
32936739;370891815;42450820;
32936739;42450820;42450819;
32936739;42450819;42423296;
32936739;42423296;370891816;
32936739;370891816;370891817;
32936739;370891817;42457971;
32936739;42457971;42457964;
32936739;42457964;42457962;
32936739;42457962;42457958;
32936739;42457958;42457956;
32936739;42457956;42457953;
32936739;42457953;42457951;
32936739;42457951;3235903196;
32936739;3235903196;370888100;
32936739;370888100;370888099;
34213168;278639868;4158760595;
34213168;4158760595;4158760607;
34213168;4158760607;4158760606;
34213168;4158760606;4680481152;
34213168;4680481152;4158760605;
34213168;4158760605;3898690209;
34213168;3898690209;4158760603;
34213168;4158760603;42437746;
37890350;42431875;2183010557;
37890350;2183010557;42431871;
37890350;42431871;42431868;
38254377;451024912;598054748;
38605246;42440347;42440350;
38605246;42440350;42440353;
38605247;42440353;42440356;
38605248;42440353;3350483346;
38605248;3350483346;42427254;
39015289;465132518;1258945518;
39015289;1258945518;1258945549;
39015289;1258945549;1258945459;
39015289;1258945459;465132519;
39015289;465132519;465132520;
39015289;465132520;1258945487;
39015289;1258945487;1258945655;
39015289;1258945655;465132521;
39015289;465132521;1258945561;
39015289;1258945561;465132522;
39513384;3174844145;42499982;
39513384;42499982;1258945412;
39513384;1258945412;1258945554;
39513384;1258945554;598054753;
39513384;598054753;1258945467;
39513384;1258945467;1258945379;
39513384;1258945379;42472268;
39513386;42483440;473364904;
39513386;473364904;473364917;
39513386;473364917;473364918;
39513386;473364918;473364919;
39513386;473364919;473364920;
39513386;473364920;42463965;
39513387;42469596;598054768;
39513387;598054768;42499341;
39513387;42499341;42499339;
39513388;42499339;3174844139;
39513390;42463965;42486077;
39946177;451074847;598054731;
39946177;598054731;598054732;
39946177;598054732;598054733;
39946177;598054733;451074853;
39946177;451074853;1258945414;
39946177;1258945414;1258945453;
39946177;1258945453;1258945464;
39946177;1258945464;598054699;
39946177;598054699;559865261;
39946177;559865261;1258945411;
39946177;1258945411;559865262;
39946177;559865262;1258945385;
39946177;1258945385;1258945523;
39946177;1258945523;559865263;
39956205;42433231;3898690192;
39956205;3898690192;42433229;
40837875;496707000;496707003;
40879216;42452556;3316837973;
40879216;3316837973;42444116;
40879221;42457311;42448593;
40879223;42440345;42429354;
42786502;42437749;1754817317;
42786502;1754817317;3898690215;
42786502;3898690215;42439813;
42786502;42439813;1773047072;
42786502;1773047072;4158807592;
46116170;587987721;4145439589;
46116170;4145439589;2053820751;
46116170;2053820751;587987724;
46116170;587987724;2053820745;
46116170;2053820745;587987727;
46116170;587987727;4145439590;
46116170;4145439590;2053820739;
46116170;2053820739;587987729;
46116170;587987729;2053820741;
46116170;2053820741;2053820742;
46116170;2053820742;587987735;
46116170;587987735;2053820747;
46116170;2053820747;4145432045;
46116170;4145432045;42451375;
46116177;246909446;4149937229;
46116177;4149937229;4149937228;
46116177;4149937228;4149937227;
46116177;4149937227;4149936231;
46116177;4149936231;2012177067;
46116177;2012177067;4149936230;
46116177;4149936230;4149936239;
46116177;4149936239;4149936227;
46116177;4149936227;246909447;
46116177;246909447;4149936238;
46116177;4149936238;4149748664;
46116177;4149748664;4149748665;
46116177;4149748665;246909448;
46116177;246909448;4149748674;
46116177;4149748674;2012177077;
46116177;2012177077;4149748670;
46116177;4149748670;246909449;
46116177;246909449;4149748675;
46116177;4149748675;4149748660;
46116177;4149748660;3574612293;
46116180;3574648567;4149947889;
46116180;4149947889;4149974435;
46116180;4149974435;4206998275;
46116180;4206998275;370880729;
46116181;588593353;587987721;
46116181;587987721;4145434712;
46116181;4145434712;4145439099;
46116181;4145439099;4145439089;
46116181;4145439089;246858654;
46116183;587988061;4158707240;
46116183;4158707240;1541937888;
46116183;1541937888;4158707247;
46116183;4158707247;3884569931;
46116316;486819534;486819535;
46116316;486819535;486819536;
46116326;42428391;4143875718;
46116326;4143875718;4143875739;
46116326;4143875739;4143875730;
46116326;4143875730;4143875761;
46116326;4143875761;1429415831;
46116326;1429415831;4143875720;
46116326;4143875720;4143875741;
46116326;4143875741;588545728;
46116329;272195270;4143875725;
46116329;4143875725;4143875742;
46116329;4143875742;4143875743;
46116329;4143875743;42453952;
46116332;1773055865;4158810009;
46116332;4158810009;4158810015;
46116332;4158810015;1773055869;
46116332;1773055869;4158810008;
46116332;4158810008;4158810006;
46116332;4158810006;4158810002;
46116332;4158810002;4158810007;
46116332;4158810007;1773055867;
46116332;1773055867;1773055856;
46116332;1773055856;4158810012;
46116332;4158810012;1773055859;
46116332;1773055859;4499408167;
46116332;4499408167;1773055860;
46116332;1773055860;4158786461;
46116332;4158786461;1773055857;
46116332;1773055857;1773055858;
46116332;1773055858;4158789504;
46116332;4158789504;4158789505;
46116332;4158789505;4158789507;
46116332;4158789507;4158789503;
46121845;451019504;1258945539;
46121845;1258945539;588036452;
46121845;588036452;1258945603;
46121845;1258945603;1258945531;
46121845;1258945531;588036453;
46121845;588036453;588036454;
46121845;588036454;588036455;
46121845;588036455;588036456;
46121845;588036456;588036457;
46121845;588036457;4625676869;
46121845;4625676869;588036458;
46121845;588036458;588036459;
46121845;588036459;42483438;
46121846;42486083;4625676874;
46121846;4625676874;4625676875;
46121846;4625676875;3174844140;
46121846;3174844140;588036460;
46121846;588036460;42483440;
46121847;3174844148;3174844143;
46121847;3174844143;42486083;
46154286;42438531;588455697;
46154287;588455698;42438531;
46154288;588455697;588455699;
46154288;588455699;588455698;
46154294;496707003;496707005;
46154297;588455737;1772639537;
46154297;1772639537;3898690196;
46154297;3898690196;4158707236;
46154297;4158707236;42422283;
46154300;42457292;42457579;
46154300;42457579;42433205;
46154300;42433205;42433231;
46154300;42433231;42438468;
46154324;588455857;4382842401;
46154324;4382842401;588455858;
46154327;42422056;42448583;
46154327;42448583;3774727964;
46154327;3774727964;42454795;
46154327;42454795;42454792;
46154327;42454792;42454789;
46154327;42454789;42454785;
46154327;42454785;42454782;
46154327;42454782;42454781;
46154327;42454781;42428376;
46154330;42440270;1772144007;
46154330;1772144007;42440271;
46154330;42440271;673008453;
46154330;673008453;42440277;
46154330;42440277;673008457;
46154330;673008457;42440278;
46154330;42440278;3942012642;
46154330;3942012642;42440280;
46154332;42438471;42433237;
46154332;42433237;42433212;
46154332;42433212;42452620;
46154337;42421951;4145794845;
46154337;4145794845;42444223;
46154337;42444223;4156798797;
46154337;4156798797;4156798789;
46154337;4156798789;42444230;
46154338;42429844;3758561309;
46154338;3758561309;42429842;
46154338;42429842;42429840;
46154338;42429840;3738917559;
46154338;3738917559;822475402;
46154338;822475402;42429838;
46154338;42429838;4352711148;
46154338;4352711148;42428371;
46160083;272195276;4143875756;
46160083;4143875756;4143875735;
46160083;4143875735;4143875719;
46160083;4143875719;588545700;
46160083;588545700;2902437008;
46160083;2902437008;4143875745;
46160083;4143875745;588545711;
46160083;588545711;4143875733;
46160083;4143875733;588545716;
46160083;588545716;588545722;
46160083;588545722;588545726;
46160083;588545726;4143875727;
46160083;4143875727;2902437007;
46160083;2902437007;1538250124;
46160083;1538250124;4143875750;
46160083;4143875750;4143875764;
46160083;4143875764;588545727;
46160083;588545727;4143875724;
46160083;4143875724;4143875755;
46160083;4143875755;4143875734;
46160083;4143875734;588545728;
46160098;2821304145;1272562931;
46160098;1272562931;4143875748;
46160098;4143875748;4143875747;
46160098;4143875747;2821321590;
46160098;2821321590;4143875754;
46160098;4143875754;42427236;
46160153;42456492;3658821414;
46160153;3658821414;42443844;
46160225;42440280;42440282;
46160225;42440282;42440284;
46160225;42440284;42440287;
46160225;42440287;42428385;
46160225;42428385;42440290;
46160244;42448469;4158673499;
46160244;4158673499;4158673497;
46160244;4158673497;4158673493;
46160244;4158673493;4158673498;
46160244;4158673498;4158673496;
46160244;4158673496;42459820;
46160330;42422042;42422046;
46160330;42422046;42422050;
46160330;42422050;42422053;
46160330;42422053;42422056;
46160365;42429838;3738917603;
46160365;3738917603;42434410;
46160365;42434410;3738917605;
46160365;3738917605;3738917611;
46160365;3738917611;42422050;
46160365;42422050;42454795;
46160365;42454795;42440335;
46160365;42440335;42440287;
46160365;42440287;1538237434;
46160365;1538237434;1538237322;
46160365;1538237322;42456492;
46160386;42432679;42429507;
46160403;42421960;42427956;
46160403;42427956;42427953;
46160404;246858654;4145439104;
46160404;4145439104;246866793;
46160404;246866793;2053820735;
46160404;2053820735;2053820736;
46160404;2053820736;246901366;
46160404;246901366;607907589;
46160404;607907589;42433683;
46160404;42433683;42433686;
46160404;42433686;2053820754;
46160404;2053820754;2053820756;
46160404;2053820756;42433689;
46160404;42433689;2053820768;
46160404;2053820768;42433692;
46160404;42433692;2053820773;
46160404;2053820773;42433696;
46160404;42433696;2053820774;
46160404;2053820774;42433699;
46160404;42433699;2053820786;
46160404;2053820786;42433702;
46160404;42433702;2053820792;
46160404;2053820792;42433705;
46160404;42433705;4207000189;
46160404;4207000189;42433708;
46160404;42433708;42433712;
46160404;42433712;4207000203;
46160404;4207000203;3777894257;
46160404;3777894257;3777894258;
46160404;3777894258;3777894259;
46160404;3777894259;42433715;
46160404;42433715;4206997167;
46160404;4206997167;42433718;
46160404;42433718;4206997170;
46160404;4206997170;42427411;
46160406;42428524;42444480;
46160406;42444480;1772096969;
46160406;1772096969;42444355;
46165816;246858431;4143824663;
46165816;4143824663;246866798;
46165818;3574612293;4149754336;
46165818;4149754336;4149754332;
46165818;4149754332;4149754333;
46165818;4149754333;4149754329;
46165818;4149754329;4149754335;
46165818;4149754335;4149752689;
46165819;42433715;279152444;
46165821;42433718;42437819;
46166212;42436181;4206997186;
46166212;4206997186;4149936245;
46166212;4149936245;42436178;
46166213;42424521;4149936246;
46166213;4149936246;4149936243;
46166213;4149936243;4149936228;
46166213;4149936228;4149936233;
46166213;4149936233;42436178;
46171888;42422038;42422035;
46171889;42452310;42446632;
46171889;42446632;4207000395;
46171889;4207000395;4206997172;
46171889;4206997172;4149750390;
46171907;42456888;42428373;
46177111;451023026;1258875586;
46177111;1258875586;1258875689;
46177111;1258875689;451023028;
46177111;451023028;451023030;
46177111;451023030;1258875430;
46177111;1258875430;1258875587;
46177111;1258875587;1258875727;
46177111;1258875727;219863929;
46177111;219863929;219863942;
46177111;219863942;1258875559;
46177111;1258875559;219863965;
46177111;219863965;1258875614;
46177111;1258875614;1258875345;
46177111;1258875345;1258875440;
46177111;1258875440;219863957;
46177122;598054698;451023026;
46177123;219863957;1258875350;
46177123;1258875350;1258875737;
46177123;1258875737;1258875569;
46177152;4158752889;4158751333;
46177164;278642480;1701871915;
46177164;1701871915;1701871914;
46177164;1701871914;1701871960;
46177164;1701871960;1701871963;
46177164;1701871963;1701871916;
46177164;1701871916;1701871943;
46177164;1701871943;1701871938;
46177164;1701871938;1701871944;
46177164;1701871944;1272562709;
46177164;1272562709;1272562714;
46177164;1272562714;278642481;
46177164;278642481;1272562718;
46177164;1272562718;1272562750;
46177164;1272562750;1272562761;
46177164;1272562761;1272562891;
46177164;1272562891;1272562896;
46177164;1272562896;1272562687;
46177164;1272562687;1272562701;
46177164;1272562701;1272562721;
46177164;1272562721;1272562722;
46177164;1272562722;278642294;
46177164;278642294;1272562730;
46177164;1272562730;1272562731;
46177164;1272562731;42423610;
46177164;42423610;1272562752;
46177164;1272562752;1272562751;
46177164;1272562751;1272562743;
46177164;1272562743;1272562734;
46177164;1272562734;1272562756;
46177164;1272562756;278642253;
46177164;278642253;1701871920;
46177164;1701871920;1701871921;
46177164;1701871921;1701871918;
46177164;1701871918;1701871926;
46177164;1701871926;4158741841;
46177164;4158741841;4158741839;
46177164;4158741839;4158741840;
46177164;4158741840;486819531;
46177171;278646362;42453792;
46177182;278608641;278608642;
46177182;278608642;4158654696;
46177182;4158654696;4158654697;
46177182;4158654697;278608643;
46177184;205018129;4158693325;
46177184;4158693325;4158693294;
46177184;4158693294;205019177;
46177184;205019177;4158693316;
46177184;4158693316;4158693303;
46177184;4158693303;4158693322;
46177184;4158693322;4158693289;
46177184;4158693289;42422273;
46177184;42422273;4158693327;
46177184;4158693327;4158693312;
46177184;4158693312;205019178;
46177184;205019178;4158693298;
46177184;4158693298;4158693293;
46177184;4158693293;278608421;
46177184;278608421;4158693295;
46177184;4158693295;4158693290;
46177184;4158693290;278608420;
46186480;598054695;1258945368;
46186480;1258945368;1258945400;
46186480;1258945400;1258945420;
46186480;1258945420;598054696;
46186480;598054696;1258945521;
46186480;1258945521;1258945473;
46186480;1258945473;1258945671;
46186480;1258945671;1258945596;
46186480;1258945596;598054697;
46186480;598054697;465132518;
46224832;42437128;4382842415;
46224832;4382842415;42433324;
46224832;42433324;4382842407;
46224832;4382842407;4382842398;
46224832;4382842398;42437135;
46224850;278608420;4158693302;
46224850;4158693302;4158693328;
46224850;4158693328;278646364;
46224850;278646364;4158693310;
46224850;4158693310;4158693305;
46224850;4158693305;278646363;
46224850;278646363;4158693320;
46224850;4158693320;4158693297;
46224850;4158693297;278646362;
46224855;278608718;4158660396;
46224855;4158660396;4158660392;
46224855;4158660392;4158660391;
46224855;4158660391;42422281;
46224855;42422281;4158660389;
46224855;4158660389;4158660395;
46224855;4158660395;4158660399;
46224855;4158660399;278608618;
46224855;278608618;4158656882;
46224855;4158656882;278608619;
46224855;278608619;4158658206;
46224855;4158658206;4158656886;
46224855;4158656886;278608620;
46224855;278608620;4158658208;
46224855;4158658208;4158658196;
46224855;4158658196;4158658193;
46224855;4158658193;4158658205;
46224855;4158658205;4158656884;
46224855;4158656884;278608621;
46224855;278608621;4158658197;
46224855;4158658197;4158656885;
46224855;4158656885;4158656883;
46224855;4158656883;278608622;
46224855;278608622;4158658199;
46224855;4158658199;4158658200;
46224855;4158658200;278608623;
46224855;278608623;4158658195;
46224855;4158658195;4158658194;
46224855;4158658194;4158658203;
46224855;4158658203;278608638;
46224855;278608638;4158658198;
46224855;4158658198;4158658189;
46224855;4158658189;4158658201;
46224855;4158658201;4158658191;
46224855;4158658191;278608639;
46224855;278608639;4158658204;
46224855;4158658204;4158658202;
46224855;4158658202;278608640;
46224855;278608640;4158658207;
46224855;4158658207;4158656888;
46224855;4158656888;1318427657;
46224855;1318427657;4158658190;
46224855;4158658190;4158656887;
46224855;4158656887;4158658192;
46224855;4158658192;278608641;
46334605;42444129;42443928;
46334605;42443928;42443937;
46334605;42443937;4581870335;
46334605;4581870335;475485738;
46334605;475485738;42440449;
46334605;42440449;588455697;
46334639;42454798;42444424;
46334639;42444424;42422056;
46348787;42427744;42427747;
46348790;42427750;42423303;
46422586;246858431;4143835707;
46422586;4143835707;4143835712;
46422586;4143835712;4143835086;
46422586;4143835086;588593611;
46629376;370888101;42434832;
46629376;42434832;42436971;
46629376;42436971;42438531;
46629378;205020852;4145735053;
46629378;4145735053;4145680646;
46629378;4145680646;4145680640;
46629378;4145680640;3790255314;
46629378;3790255314;4145680642;
46629378;4145680642;4145680643;
46629378;4145680643;3790255316;
46629378;3790255316;42451409;
46819492;559865263;1258945406;
46819492;1258945406;559865264;
46819492;559865264;1258945392;
46819492;1258945392;559865265;
46819492;559865265;2034474321;
46819492;2034474321;598050831;
46819497;42519833;42503949;
46819498;248606976;1258945528;
46819498;1258945528;1258945483;
46819498;1258945483;248606975;
46819499;248606975;1258945588;
46819499;1258945588;1258945515;
46819499;1258945515;451024908;
46819499;451024908;1258945405;
46819499;1258945405;451024909;
46819501;598050834;42479470;
46819502;42479470;3469169228;
46819502;3469169228;42487125;
46819502;42487125;42521935;
46819503;42479465;3469169220;
46819503;3469169220;3469169227;
46819503;3469169227;42479470;
46819509;42479472;42472734;
46819509;42472734;42500302;
46819509;42500302;42469364;
46819509;42469364;42500011;
46819899;451019492;451019488;
46819899;451019488;1258945630;
46819899;1258945630;1258945432;
46819899;1258945432;451019485;
46819899;451019485;1258945481;
46819899;1258945481;1258945565;
46819899;1258945565;451019483;
46819899;451019483;1258945537;
46819899;1258945537;451019479;
46819899;451019479;451019476;
46819899;451019476;451019471;
46819900;451019495;1258945442;
46819900;1258945442;1258945390;
46819900;1258945390;451019492;
46819901;451074820;1258945510;
46819901;1258945510;1258945584;
46819901;1258945584;451074830;
46819902;451074830;451074835;
46819902;451074835;1258945456;
46819902;1258945456;451074839;
46819902;451074839;451074843;
46819902;451074843;1258945428;
46819902;1258945428;451018402;
46819902;451018402;598054698;
46819903;598054700;1258945541;
46819903;1258945541;451024912;
46819904;451024909;1258945604;
46819904;1258945604;598054700;
46819907;248606886;598054701;
46819907;598054701;3026465705;
46819907;3026465705;3026465712;
46819907;3026465712;598054702;
46819907;598054702;598054703;
46819907;598054703;2301276725;
46819907;2301276725;2301276727;
46819907;2301276727;3026465844;
46819907;3026465844;3026465847;
46819907;3026465847;598054704;
46819912;598054698;451074847;
46819913;598054722;1258945365;
46819913;1258945365;598054724;
46819913;598054724;1258945667;
46819913;1258945667;598054725;
46819913;598054725;1258945366;
46819913;1258945366;598054727;
46819913;598054727;4625676868;
46819913;4625676868;42472268;
46819914;42469325;999184452;
46819914;999184452;42469320;
46819914;42469320;3174844141;
46819916;42483440;42469596;
46819917;598054748;598054737;
46819917;598054737;598054730;
46819917;598054730;451019508;
46819917;451019508;598054734;
46819917;598054734;451019504;
46819922;598054735;598054736;
46819924;42479470;42479472;
46835336;598202927;42463657;
46835336;42463657;598202928;
46835336;598202928;42471046;
46835336;42471046;42483561;
46835336;42483561;42483560;
46835336;42483560;42478107;
46835336;42478107;42483557;
46835336;42483557;42483554;
46835336;42483554;42483551;
46835336;42483551;42483535;
46835336;42483535;42483527;
46835336;42483527;42482011;
46835336;42482011;42483514;
46835336;42483514;42483509;
46835336;42483509;42483504;
46835336;42483504;42483496;
46835336;42483496;42483487;
46835336;42483487;42475745;
46835336;42475745;42483476;
46835336;42483476;42483475;
46835336;42483475;42483473;
46835336;42483473;42476720;
46835336;42476720;42483469;
46835336;42483469;42483468;
46835336;42483468;42483466;
46835336;42483466;42483461;
46835336;42483461;42483455;
46835336;42483455;42483453;
46835336;42483453;42483450;
46835336;42483450;1258945386;
46835336;1258945386;3204144469;
46835336;3204144469;465132518;
46835368;42502396;1740680549;
46835368;1740680549;2391941772;
46835368;2391941772;42486077;
46835368;42486077;42499339;
46835369;598202958;42502396;
46835370;42502400;42513257;
46835370;42513257;42513259;
46835370;42513259;42513265;
46835370;42513265;42513270;
46835370;42513270;42476718;
46835371;42483453;42502400;
46835371;42502400;598202959;
46863736;42500011;598050842;
46863736;598050842;598050843;
46863736;598050843;2902396725;
46863736;2902396725;2902396724;
46863736;2902396724;598050844;
46863736;598050844;598050845;
46863794;42469320;3552719649;
46863794;3552719649;3174844136;
46863794;3174844136;42493375;
46863874;42492401;250451628;
46863874;250451628;1329106711;
46863874;1329106711;42469341;
47796374;607911351;1805328781;
47796374;1805328781;1805328778;
47796374;1805328778;2103787748;
47796374;2103787748;1805328767;
47796374;1805328767;1805328758;
47796374;1805328758;1805328753;
47796374;1805328753;1805328750;
47796374;1805328750;1805328744;
47796374;1805328744;4206998241;
47796374;4206998241;1805328734;
47796374;1805328734;1805328735;
47796374;1805328735;1805328738;
47796374;1805328738;1805328745;
47796374;1805328745;1805328748;
47796374;1805328748;4024142486;
47796374;4024142486;1805328780;
47796374;1805328780;1805328787;
47796374;1805328787;607911351;
47796374;607911351;1805328838;
47796374;1805328838;607911362;
47796374;607911362;3274291207;
47796374;3274291207;4379778651;
47796374;4379778651;279151954;
54689817;42427254;42452708;
54689817;42452708;42452705;
54689817;42452705;42429853;
54689817;42429853;4561414124;
54689817;4561414124;3752674862;
54689817;3752674862;42452700;
54689817;42452700;4561414108;
54689817;4561414108;42452630;
54689817;42452630;42421946;
54689818;42427254;1772140793;
54689818;1772140793;42427256;
75311776;889298452;889298423;
75311776;889298423;1696261067;
75311776;1696261067;889298459;
75311776;889298459;1696261088;
75311776;1696261088;889298607;
75311776;889298607;1696261093;
75311776;1696261093;889298386;
75311776;889298386;1696261099;
75311776;1696261099;1696261096;
75311776;1696261096;1696261095;
75311776;1696261095;1696261091;
75311776;1696261091;1696261090;
75311776;1696261090;889298487;
75311776;889298487;1696261085;
75311776;1696261085;889298374;
75311776;889298374;1696261064;
75311776;1696261064;889298432;
75311776;889298432;889298452;
112588881;1279337135;42431858;
122625703;451019469;451020895;
122660450;1258875449;3026465866;
122660451;1258875651;486819533;
122660451;486819533;1258875449;
122660454;205019740;4158709414;
122660454;4158709414;4157854440;
122660454;4157854440;205019742;
122660454;205019742;4145704197;
122660454;4145704197;205019743;
122660454;205019743;205019744;
122660454;205019744;205019745;
122660454;205019745;4145735067;
122660454;4145735067;4145735055;
122660454;4145735055;4145735064;
122660454;4145735064;370880734;
122660455;205024444;4157854446;
122660455;4157854446;4157854443;
122660455;4157854443;4157854436;
122660455;4157854436;205024445;
122660455;205024445;4157854438;
122660455;4157854438;4157854439;
122660455;4157854439;205024447;
122660455;205024447;4158644582;
122660455;4158644582;4158644581;
122660455;4158644581;4158644583;
122660455;4158644583;4158644588;
122660455;4158644588;4158645797;
122660455;4158645797;4158645789;
122660455;4158645789;4157854437;
122660455;4157854437;205024448;
122660455;205024448;4157854447;
122660455;4157854447;4157854434;
122660455;4157854434;205024449;
122660455;205024449;4157854442;
122660455;4157854442;205024450;
122660455;205024450;4157854448;
122660458;1272562895;278642772;
122660458;278642772;1272562780;
122660458;1272562780;4143875758;
122660458;4143875758;1272562915;
122660458;1272562915;4158740806;
122660458;4158740806;4158740805;
122660458;4158740805;4158740807;
122660459;1369956654;486819529;
122660460;486819529;4158740807;
122660460;4158740807;486819531;
122660461;1272562910;1272562833;
122660461;1272562833;1272562882;
122660461;1272562882;1272562898;
122660461;1272562898;1272562881;
122660461;1272562881;1272562890;
122660461;1272562890;1272562737;
122660461;1272562737;1272562727;
122660461;1272562727;1272562738;
122660461;1272562738;1272562746;
122660461;1272562746;1272562793;
122660461;1272562793;1272562781;
122660461;1272562781;1272562794;
122660461;1272562794;1272562755;
122660461;1272562755;1272562856;
122660461;1272562856;1272562879;
122660461;1272562879;1272562724;
122660461;1272562724;1272562713;
122660461;1272562713;1272562740;
122660461;1272562740;1272562902;
122660461;1272562902;4143876131;
122660461;4143876131;4143876137;
122660461;4143876137;1272562732;
125525171;42437760;42437763;
129834316;42422035;42434413;
129834316;42434413;42436192;
129834316;42436192;42436187;
129834316;42436187;42436184;
129834316;42436184;4207000392;
129834316;4207000392;42436181;
140391514;1538237300;1538237359;
140391514;1538237359;3884569919;
140391514;3884569919;1538237508;
140391516;1538237359;1754823270;
140391516;1754823270;1538237310;
140391516;1538237310;4382842396;
140391516;4382842396;1538237325;
140391518;1538237463;1538237310;
140391522;42428391;4143875728;
140391522;4143875728;4143875746;
140391522;4143875746;1538237395;
140391522;1538237395;3658821413;
140391522;3658821413;1538237434;
140391522;1538237434;1538237248;
155008808;42497721;2358967542;
155008808;2358967542;598054736;
155008808;598054736;42469205;
157405685;889298452;42422026;
161026131;1730318397;1730318416;
161026131;1730318416;1730318428;
161026133;1730318401;1730318420;
161026133;1730318420;1730318414;
161026133;1730318414;1730318426;
161026133;1730318426;1730318428;
161026133;1730318428;1730318427;
161026133;1730318427;1730318419;
161026133;1730318419;1730318409;
161026133;1730318409;1730318405;
161026133;1730318405;1730318403;
161026133;1730318403;1730318411;
161026133;1730318411;1730318417;
163806028;1754823149;1754823229;
163806028;1754823229;588455870;
165672323;1772136801;4145439100;
165672323;4145439100;1772136809;
165672323;1772136809;1772136806;
165672323;1772136806;4206998261;
165672323;4206998261;4145416877;
165672323;4145416877;1772136810;
165672323;1772136810;2034011077;
165672323;2034011077;4206998260;
165672323;4206998260;1772136813;
165672323;1772136813;4145586918;
165672323;4145586918;4145586927;
165672323;4145586927;2889562918;
165733924;1272562732;4143876126;
165733924;4143876126;4143876136;
165733924;4143876136;4143876127;
165733924;4143876127;4143876129;
165733924;4143876129;4143876134;
165733924;4143876134;4143876132;
165733924;4143876132;278640455;
165733924;278640455;278640456;
165733924;278640456;1272562691;
165733924;1272562691;1272562693;
165733924;1272562693;1272562815;
165733924;1272562815;278640085;
165733924;278640085;4143885429;
165733924;4143885429;4143885422;
165733924;4143885422;1272562937;
165733924;1272562937;1272562766;
165733924;1272562766;1272562764;
165774923;4158789495;4158789503;
165774923;4158789503;4158789498;
165774923;4158789498;4158789491;
165774923;4158789491;4158789493;
165774923;4158789493;1251908549;
165774924;1251908549;42425964;
165774924;42425964;42423210;
165774924;42423210;4143876133;
165774924;4143876133;4143876130;
165774924;4143876130;4143876138;
165774924;4143876138;1272562732;
177127289;42469361;42500008;
177127292;42469361;42469358;
177127292;42469358;42469188;
177127299;42500008;42500009;
177127299;42500009;42500011;
177127305;42500008;42503949;
183103091;451018391;598054695;
183103091;598054695;451074799;
183103091;451074799;451074804;
183103091;451074804;1258945485;
183103091;1258945485;1258945532;
183103091;1258945532;465132515;
183103091;465132515;1258945534;
183103091;1258945534;1258945601;
183103091;1258945601;451074815;
183103091;451074815;1258945398;
183103091;1258945398;451074818;
183103091;451074818;451074820;
183103093;451019471;451019469;
183103103;451020319;451020322;
183103103;451020322;451018391;
183103706;451076059;451019469;
191304176;451019504;451019502;
191304176;451019502;451019500;
191304176;451019500;451019498;
191304176;451019498;451019495;
194923759;2821304139;4143875736;
194923759;4143875736;4143875737;
194923759;4143875737;272195277;
194923759;272195277;272195270;
194923775;42427747;42427750;
194923778;42422283;42433229;
194923781;42437760;3212677252;
194923781;3212677252;42435922;
195743137;42428345;4145586932;
195743137;4145586932;588546885;
195743137;588546885;4145586923;
195743137;4145586923;4145586925;
195743137;4145586925;4145586930;
195743137;4145586930;4145586919;
195743137;4145586919;588546798;
195743138;42431898;42431902;
195743191;42437757;42448440;
195743191;42448440;4300929361;
195743191;4300929361;482807377;
195743191;482807377;1632548812;
195743191;1632548812;4207806923;
195743195;42427412;42440628;
195743195;42440628;42440639;
195743195;42440639;889585230;
195743195;889585230;889584936;
195743195;889584936;889585144;
195743195;889585144;42437401;
195743196;42431902;4147546538;
195743196;4147546538;4147546536;
195743196;4147546536;370880739;
195743196;370880739;42444200;
195743199;42431898;1251359553;
195743199;1251359553;42445569;
195743199;42445569;1251359563;
195743199;1251359563;42421960;
195743225;246858433;246858431;
195743227;373880031;2531682711;
195743227;2531682711;4143835693;
195743227;4143835693;4143835690;
195743227;4143835690;4143835716;
195743227;4143835716;4143835079;
195743227;4143835079;4143835691;
195743227;4143835691;4143835715;
195743227;4143835715;246858433;
195743264;42422028;4143835700;
195743264;4143835700;4143835077;
195743264;4143835077;4143835708;
195743264;4143835708;3778134968;
195743264;3778134968;4143835696;
195743264;4143835696;4143835697;
195743264;4143835697;1431790465;
195743264;1431790465;246895242;
195743264;246895242;4143835699;
195743264;4143835699;42453395;
195743267;42427412;1659428714;
195743267;1659428714;4145424858;
195743267;4145424858;889585049;
195743271;42427411;1659428663;
195743271;1659428663;42427412;
196116978;2821304136;2821304137;
196116978;2821304137;4742697051;
196116978;4742697051;4742692779;
196116978;4742692779;1683645337;
196116978;1683645337;2821304138;
196116978;2821304138;4742692782;
196116978;4742692782;4742692789;
196116978;4742692789;4742692790;
196116978;4742692790;4742692786;
196116978;4742692786;272195270;
221605485;42503956;4625701379;
221605485;4625701379;598050837;
221605485;598050837;598050850;
221605485;598050850;598050845;
221605487;42503956;42500009;
221605487;42500009;42469362;
221605487;42469362;598050834;
221694586;2687331105;2358967554;
221694586;2358967554;42469329;
221694586;42469329;214362644;
221694586;214362644;42469325;
221694587;42486083;3174844137;
221694587;3174844137;42483438;
221694588;42499999;2358967551;
221694588;2358967551;42500003;
221694588;42500003;2358967547;
221694588;2358967547;42492401;
221694588;42492401;2358967544;
221694588;2358967544;42469193;
221694588;42469193;2358967539;
221694588;2358967539;42497720;
221694589;42472268;42499996;
221694590;2687331105;1258945452;
222248830;42521949;598050840;
222248830;598050840;494509207;
222248830;494509207;598050841;
222248830;598050841;2406369801;
222248830;2406369801;42503956;
222299240;588593611;3767711212;
222299240;3767711212;246909454;
222299275;42428391;4741363709;
222299275;4741363709;4741363705;
222299275;4741363705;42428385;
222299275;42428385;42428379;
222299275;42428379;42428377;
222299275;42428377;42428376;
222299275;42428376;42422042;
222299275;42422042;42428374;
222299275;42428374;42428373;
222299275;42428373;42428371;
222299275;42428371;42428370;
222299275;42428370;42428368;
222299275;42428368;42428366;
222299275;42428366;42428365;
222299275;42428365;42428362;
222299275;42428362;42428361;
222299275;42428361;42428355;
222299275;42428355;42428348;
222299275;42428348;42428346;
222299275;42428346;42428345;
226040987;2348991669;42437517;
226040987;42437517;42437514;
226040987;42437514;42427747;
226193904;42437401;42437410;
226193905;246866798;2782283131;
226193905;2782283131;4143824661;
226193905;4143824661;4143824666;
226193905;4143824666;793880019;
226193905;793880019;42437401;
226193928;42437401;4281671258;
226193928;4281671258;42422026;
226193929;42444230;588455961;
226193929;588455961;4561414018;
226193929;4561414018;42429861;
226193929;42429861;3350483345;
226193929;3350483345;42444242;
226193929;42444242;42427256;
226193929;42427256;3350483348;
226193929;3350483348;42440356;
226193930;42440356;588455899;
226193930;588455899;4158725699;
226193930;4158725699;4158725693;
226193930;4158725693;42440258;
226193930;42440258;3350498747;
226193930;3350498747;42433218;
226193930;42433218;42433243;
226193930;42433243;4158725698;
226193930;4158725698;42438476;
227064538;250451189;42472725;
227064538;42472725;42469358;
227064538;42469358;2358967538;
227064538;2358967538;42497720;
227064557;248607283;2358967548;
227064557;2358967548;42500003;
227064558;42519812;1258945490;
227064558;1258945490;248607283;
239625022;42469205;2358967543;
239625022;2358967543;42492404;
239625022;42492404;2358967550;
239625022;2358967550;248607283;
239625023;42469205;42469212;
239626770;42497720;42497721;
239626771;42497720;2358967534;
239626771;2358967534;42500008;
242114297;2496639020;2496639021;
246085471;2531682690;42422035;
256902827;588546798;4145586940;
256902827;4145586940;42422826;
256902827;42422826;4145586915;
256902827;4145586915;4145586934;
256902827;4145586934;4145586936;
256902827;4145586936;42436202;
263088941;588455701;42437773;
263088941;42437773;42438523;
263088941;42438523;42437505;
263088941;42437505;42438529;
263088941;42438529;42438531;
277201109;42431898;42431889;
277201110;42431877;42431875;
278135785;42461394;2825594195;
278135785;2825594195;3026465694;
278135785;3026465694;248606857;
278135785;248606857;248606886;
278135785;248606886;2301276719;
278135785;2301276719;2301276721;
278135785;2301276721;2301276723;
278135785;2301276723;248606885;
278135785;248606885;2825594200;
278135785;2825594200;3026465842;
278135785;3026465842;3026465848;
278135785;3026465848;42519809;
278135786;42519809;2301276728;
278135786;2301276728;42519202;
278135787;42519809;3026465846;
278135787;3026465846;3026465839;
278135787;3026465839;2825595301;
278135787;2825595301;3026465728;
278135787;3026465728;2825594199;
278135787;2825594199;3026465715;
278135787;3026465715;2902542857;
278135787;2902542857;2825594198;
278135787;2825594198;2825594197;
278135787;2825594197;2842884234;
298734351;3026465865;42461379;
298734352;3026465866;4158751332;
311764601;3174844147;3174844138;
311764601;3174844138;3174844141;
311764601;3174844141;3174844139;
311764601;3174844139;3174844149;
311764602;3174844140;465132522;
311764602;465132522;3174844144;
311764602;3174844144;42519202;
317349868;479847982;3235958215;
320783774;3274291203;3274291188;
320783774;3274291188;3274291187;
320783774;3274291187;3274291186;
320783774;3274291186;3274291185;
320783774;3274291185;3274291184;
320783774;3274291184;3274291183;
320783774;3274291183;3274291180;
320783774;3274291180;3274291178;
320783774;3274291178;3274291176;
320783774;3274291176;3274291174;
320783774;3274291174;3274291175;
320783774;3274291175;3274291177;
320783774;3274291177;3274291179;
320783774;3274291179;3274291181;
320783774;3274291181;3274291182;
320783774;3274291182;3274291203;
320783775;3274291207;3274291203;
325008926;3316834246;3316834247;
325008927;3316834248;3316834249;
325008927;3316834249;3316834250;
325008932;3316837973;3316837974;
349369193;42499982;42523694;
349369193;42523694;42469320;
351638330;889585074;889585228;
351638330;889585228;3574506099;
351638330;3574506099;3574506100;
351638330;3574506100;3574506101;
351638330;3574506101;889585115;
351638330;889585115;889585266;
351638330;889585266;889585211;
351638330;889585211;3574506093;
351638330;3574506093;3574506094;
351638330;3574506094;889584998;
351638330;889584998;889584978;
351638330;889584978;889585096;
351638330;889585096;889585051;
351638330;889585051;3574506095;
351638330;3574506095;3574506096;
351638330;3574506096;3574506097;
351638330;3574506097;3574506098;
351638330;3574506098;42437410;
351638330;42437410;889585074;
351652731;246899085;4207000236;
351652731;4207000236;4149974452;
351652731;4149974452;4149974441;
351652731;4149974441;4149974459;
351652731;4149974459;246899086;
351652731;246899086;4149974456;
351652731;4149974456;4149974451;
351652731;4149974451;246899087;
351652731;246899087;4149974450;
351652731;4149974450;4149974428;
351652731;4149974428;246899088;
351652731;246899088;4149974454;
351652731;4149974454;4149974440;
351652731;4149974440;4149974442;
351652731;4149974442;4149974427;
351652731;4149974427;4149974453;
351652731;4149974453;3574648567;
351652733;246899083;4149993888;
351652733;4149993888;3574648583;
351652733;3574648583;4149993886;
351652733;4149993886;246899084;
351652733;246899084;4149993890;
351652733;4149993890;3574648582;
351652733;3574648582;4149974457;
351652733;4149974457;246899085;
351656331;4149947889;4206998282;
351656331;4206998282;3574648580;
351656331;3574648580;3574648579;
351656331;3574648579;3574648578;
351656331;3574648578;3574648577;
351656331;3574648577;3574648576;
351656331;3574648576;3574648575;
351656331;3574648575;3574648574;
351656331;3574648574;3574648573;
351656332;3574648570;3574648569;
351656333;3574648573;3574648572;
351656333;3574648572;3574648571;
351656333;3574648571;3574648570;
356140737;370705004;4143885420;
356140737;4143885420;4143885424;
356140737;4143885424;4143885423;
356140737;4143885423;4143885427;
356140737;4143885427;4143885426;
356140737;4143885426;272195274;
356140737;272195274;2821304146;
356140743;1272562861;1272562792;
356140743;1272562792;3616539850;
356140743;3616539850;4738828760;
356140743;4738828760;272195272;
361401709;3658821414;3658821413;
361442184;3659164543;3659164544;
361442184;3659164544;4501160127;
361442184;4501160127;3659164545;
361442184;3659164545;3659164546;
364262732;3683163342;3683163343;
364262732;3683163343;3683163344;
364262732;3683163344;3683163345;
364262732;3683163345;3683163346;
364262732;3683163346;3683163347;
364262732;3683163347;3683163348;
370169932;42440271;4015192929;
370169932;4015192929;4015192928;
370169932;4015192928;42440347;
370169932;42440347;4015192927;
370169932;4015192927;42429353;
374421069;3772840882;42434401;
374423161;1431790464;4749043997;
374423161;4749043997;4015418419;
374423161;4015418419;2531682690;
375157261;4375208199;1390643944;
375157261;1390643944;1390643953;
375157261;1390643953;4375208197;
375157261;4375208197;4375208196;
375157261;4375208196;4375208195;
375157261;4375208195;4375208194;
375157261;4375208194;1390643947;
375157261;1390643947;1390643946;
378099315;3815141534;3815141533;
378099316;3815141536;3815141535;
378099316;3815141535;3815141534;
378099316;3815141534;3815141537;
379498038;1258875400;1258875464;
379498038;1258875464;1258875362;
379498038;1258875362;1258875449;
384178817;42421941;42454600;
384178817;42454600;2186614207;
384178817;2186614207;42453902;
384178817;42453902;4561414164;
384178817;4561414164;4561414165;
384178817;4561414165;42429844;
384178817;42429844;42454798;
384178817;42454798;42427251;
384178817;42427251;42440350;
384178817;42440350;42440270;
385101423;4158680481;3884569928;
385101423;3884569928;3884569927;
388167518;1538237248;1659428774;
388167518;1659428774;42448593;
388167519;1538237248;3809553311;
388167519;3809553311;1538237377;
388167519;1538237377;42430848;
388281629;42429504;42437536;
388281630;42429504;1251958125;
388281630;1251958125;1251958257;
388281631;42437536;42448576;
388281631;42448576;42432679;
388281631;42432679;42448578;
388281631;42448578;42429840;
388281631;42429840;42434420;
388281631;42434420;3738917568;
388281631;3738917568;42422053;
388281631;42422053;42448583;
388281631;42448583;42429362;
388281631;42429362;3774727960;
388281631;3774727960;42440343;
388281631;42440343;42440282;
388281631;42440282;1538237248;
388281632;42437536;2186614249;
388281632;2186614249;3738776599;
388281632;3738776599;42431868;
388281633;42431868;3738776598;
388281633;3738776598;42442088;
388281633;42442088;4739552816;
388281633;4739552816;42428529;
388284037;42452620;42457292;
388284037;42457292;1538237354;
388284037;1538237354;42444271;
388316170;42431877;42431889;
388318981;272195270;4742692787;
388318981;4742692787;4742692793;
388318981;4742692793;4741363707;
388318981;4741363707;42428391;
391062195;3942249545;2821289716;
391062195;2821289716;272194946;
391062195;272194946;2821289715;
401896550;2024879489;2052618392;
410303469;4158774513;4158774514;
410303469;4158774514;4158774512;
410303469;4158774512;4158774511;
410303469;4158774511;4121348968;
410303469;4121348968;4158786440;
410303469;4158786440;4158786448;
410303469;4158786448;4158786450;
410303469;4158786450;278639868;
413051876;42437396;4143824668;
413051876;4143824668;4143824669;
413051876;4143824669;793872212;
413051876;793872212;4143824664;
413051876;4143824664;3772840882;
413051876;3772840882;42436187;
413052676;42437396;4143835698;
413052676;4143835698;4143835080;
413052676;4143835080;4143835703;
413052676;4143835703;4143835710;
413052676;4143835710;4143835701;
413052676;4143835701;4143835088;
413052676;4143835088;4143835689;
413052676;4143835689;3778134967;
413052676;3778134967;4143835084;
413052676;4143835084;4143835711;
413052676;4143835711;4143835692;
413052676;4143835692;4143835714;
413052676;4143835714;42422028;
413056164;2821304143;272195275;
413056164;272195275;2821304142;
413056164;2821304142;4143875738;
413056164;4143875738;4143875729;
413056164;4143875729;272195276;
413201231;4145424426;2807977108;
413201231;2807977108;2807977109;
413201231;2807977109;42440634;
413201231;42440634;2807977110;
413201231;2807977110;2807977111;
413201231;2807977111;42440639;
413201231;42440639;42440640;
413201231;42440640;1195433554;
413201231;1195433554;889585087;
413201231;889585087;889584974;
413201231;889584974;889585021;
413201233;889585021;889585240;
413201233;889585240;42440644;
413201233;42440644;889585183;
413201233;889585183;889585047;
413201233;889585047;42440628;
413201233;42440628;2807977106;
413201233;2807977106;2807977105;
413201233;2807977105;2807977107;
413201233;2807977107;42440630;
413201233;42440630;4145424426;
413201428;4145424858;3574509594;
413201428;3574509594;3574509595;
413201428;3574509595;3574509596;
413201428;3574509596;3574509597;
413201428;3574509597;889585246;
413201428;889585246;889585222;
413201428;889585222;889585010;
413201428;889585010;889584949;
413201428;889584949;272196176;
413201428;272196176;3574509598;
413201428;3574509598;3574509599;
413201428;3574509599;3574509600;
413201428;3574509600;3574509601;
413201428;3574509601;3574509602;
413201428;3574509602;889585049;
413202967;246899801;4145432034;
413202967;4145432034;4145432032;
413202967;4145432032;4145432048;
413202967;4145432048;4145432049;
413202967;4145432049;4145432044;
413202967;4145432044;4145432043;
413202967;4145432043;4149739458;
413202967;4149739458;4149739401;
413202967;4149739401;4149739413;
413202967;4149739413;4149739412;
413202967;4149739412;4149739469;
413202967;4149739469;4149739448;
413202967;4149739448;4149739474;
413202967;4149739474;246897368;
413202967;246897368;4149739437;
413202967;4149739437;4149739421;
413202967;4149739421;4149739427;
413202967;4149739427;4149739452;
413202967;4149739452;4149739415;
413202967;4149739415;4149739447;
413202967;4149739447;4149739467;
413202967;4149739467;4149739473;
413202967;4149739473;4149739463;
413202967;4149739463;4149739468;
413202967;4149739468;4149739408;
413202967;4149739408;42451397;
413202967;42451397;4149739406;
413202967;4149739406;4149739407;
413202967;4149739407;4149739409;
413202967;4149739409;4149739431;
413202967;4149739431;4149739429;
413202967;4149739429;4149739390;
413202967;4149739390;4149739422;
413202967;4149739422;4149739470;
413202967;4149739470;4149739400;
413202967;4149739400;4149739411;
413202967;4149739411;4149739430;
413202967;4149739430;4149739397;
413202967;4149739397;4149739423;
413202967;4149739423;4149739425;
413202967;4149739425;4149739439;
413202967;4149739439;4149739391;
413202967;4149739391;246896915;
413202967;246896915;4149739442;
413202967;4149739442;4149739434;
413202967;4149739434;4149739414;
413202967;4149739414;4149739451;
413202967;4149739451;42451402;
413203693;1772136801;246923513;
413203693;246923513;4145439098;
413203693;4145439098;4145432042;
413203693;4145432042;4145432046;
413203693;4145432046;4145432052;
413203693;4145432052;42451375;
413203693;42451375;4145432047;
413203693;4145432047;4145432051;
413203693;4145432051;4145432036;
413203693;4145432036;4145434705;
413203693;4145434705;4145434708;
413203693;4145434708;4145434707;
413203693;4145434707;4145434713;
413203693;4145434713;4145416874;
413203693;4145416874;4145434704;
413203693;4145434704;4149993887;
413203693;4149993887;4149993882;
413203693;4149993882;4149993891;
413203693;4149993891;42451370;
413212450;42428345;588546891;
413212450;588546891;42444479;
413212450;42444479;2034011074;
413212450;2034011074;2034011071;
413212450;2034011071;1772137389;
413212450;1772137389;2034011067;
413212450;2034011067;42444353;
413212450;42444353;2034011063;
413212450;2034011063;279151950;
413212450;279151950;2034011059;
413212450;2034011059;2034011056;
413212450;2034011056;279151951;
413212450;279151951;2034011052;
413217631;370880758;4145794852;
413217631;4145794852;4145794841;
413217631;4145794841;4145794839;
413217631;4145794839;4145794850;
413217631;4145794850;42421965;
413217632;42421960;1251958196;
413217632;1251958196;4145794851;
413217632;4145794851;42421965;
413702744;4149739462;4149739455;
413702744;4149739455;4149739389;
413702744;4149739389;4149739472;
413702744;4149739472;4149739449;
413702744;4149739449;4149739398;
413702744;4149739398;4149739435;
413702744;4149739435;4149739402;
413702744;4149739402;4149739424;
413702744;4149739424;4149739453;
413702744;4149739453;4149739419;
413702744;4149739419;4149739460;
413702744;4149739460;4149739410;
413702744;4149739410;4149739465;
413702744;4149739465;4149739459;
413702744;4149739459;4149739395;
413702744;4149739395;4149739443;
413702744;4149739443;4149739454;
413702744;4149739454;4149739396;
413702744;4149739396;4149739471;
413702744;4149739471;4149739457;
413702744;4149739457;4149739418;
413702744;4149739418;4149739456;
413702744;4149739456;4149739433;
413702744;4149739433;4149739432;
413702744;4149739432;4149739450;
413702744;4149739450;4149739393;
413702744;4149739393;4149739405;
413702744;4149739405;4149739464;
413702744;4149739464;4149739404;
413702744;4149739404;4149739441;
413702744;4149739441;4149739426;
413702744;4149739426;4149739420;
413702744;4149739420;4149739445;
413702744;4149739445;4149739392;
413702744;4149739392;4149739416;
413702744;4149739416;4149739438;
413702744;4149739438;4149739436;
413702744;4149739436;4149739444;
413702744;4149739444;4149739446;
413702744;4149739446;4149739394;
413702744;4149739394;4149739440;
413702744;4149739440;4149739399;
413702744;4149739399;4149739461;
413702744;4149739461;4149739403;
413702744;4149739403;4149739417;
413702744;4149739417;4149739466;
413702744;4149739466;4149739428;
413702744;4149739428;246900041;
413704239;4149748669;246913430;
413704239;246913430;588593232;
413704239;588593232;4149748671;
413704239;4149748671;4149748667;
413704239;4149748667;4149748673;
413704239;4149748673;4149748662;
413704239;4149748662;246913431;
413704324;4149750390;42438030;
413704325;4149750389;246913431;
413727896;4149936245;4206997159;
413727896;4206997159;4149936244;
413727897;4149936235;4206997145;
413727897;4206997145;4206997153;
413727897;4206997153;4149936245;
413727898;4149936248;4206997154;
413727898;4206997154;42436178;
413732107;588593059;588593056;
413732107;588593056;4149754337;
413732107;4149754337;588593052;
413732107;588593052;4149754334;
413732107;4149754334;4149754331;
413732107;4149754331;246909454;
413749473;373864855;4150144208;
413749473;4150144208;4150144213;
413749473;4150144213;4150144250;
413749473;4150144250;4150144205;
413749473;4150144205;4150144223;
413749473;4150144223;4150144254;
413749473;4150144254;4150144203;
413749473;4150144203;4150144227;
413749473;4150144227;4150144225;
413749473;4150144225;4150144261;
413749473;4150144261;4150144241;
413749473;4150144241;4150144248;
413749473;4150144248;4150144211;
413749473;4150144211;4150144215;
413749473;4150144215;4150144204;
413749473;4150144204;4150144214;
413749473;4150144214;4150144224;
413749473;4150144224;4150144217;
413749473;4150144217;4150144235;
413749473;4150144235;4150144249;
413749473;4150144249;4150144246;
413749473;4150144246;4150144226;
413749473;4150144226;4150144245;
413749473;4150144245;4150144244;
413749473;4150144244;4150144216;
413749473;4150144216;4150144237;
413749473;4150144237;4150144262;
413749473;4150144262;4150144219;
413749473;4150144219;4150144230;
413749473;4150144230;4150144229;
413749473;4150144229;4150144228;
413749473;4150144228;4150144240;
413749473;4150144240;4150144252;
413749473;4150144252;4150144207;
413749473;4150144207;4150144253;
413749473;4150144253;4150144212;
413749473;4150144212;4150144257;
413749473;4150144257;370880731;
414669905;4157854448;4157854441;
414669905;4157854441;205019738;
414669905;205019738;4157854435;
414669905;4157854435;4157854445;
414669905;4157854445;4157854444;
414669905;4157854444;205019739;
414669905;205019739;4158725701;
414669905;4158725701;4145704191;
414669905;4145704191;4158725697;
414669905;4158725697;205019740;
414743429;4158673495;4158673494;
414743429;4158673494;4158677008;
414743429;4158677008;4158677003;
414743429;4158677003;4158676993;
414743429;4158676993;4158677004;
414743429;4158677004;4158676994;
414743429;4158676994;4158677007;
414743429;4158677007;4158677009;
414743429;4158677009;42448469;
414743582;4158673495;4158665076;
414743582;4158665076;4158665073;
414743582;4158665073;4158665082;
414743582;4158665082;479847979;
414743582;479847979;4158707242;
414743582;4158707242;4158707238;
414743582;4158707238;4158707250;
414743582;4158707250;4158707234;
414743582;4158707234;42422283;
414744167;4158680468;3884569922;
414744167;3884569922;3884569920;
414744167;3884569920;4158680469;
414744167;4158680469;42433322;
414744167;42433322;42433321;
414744167;42433321;42433320;
414744167;42433320;42433318;
414744167;42433318;42433315;
414744167;42433315;42433313;
414744167;42433313;1754823367;
414744167;1754823367;3884569923;
414744167;3884569923;588455870;
414744167;588455870;1754823256;
414744167;1754823256;1541937990;
414744167;1541937990;1754823328;
414744167;1754823328;42433311;
414744167;42433311;42433309;
414744167;42433309;42433308;
414744167;42433308;42433306;
414744167;42433306;42433305;
414744167;42433305;42433303;
414744167;42433303;3884569942;
414744167;3884569942;1541937926;
414744167;1541937926;42433302;
414744944;3884569931;3884569924;
414744944;3884569924;4158707246;
414744944;4158707246;4158707243;
414744944;4158707243;278609934;
414744944;278609934;4158707237;
414744944;4158707237;4158707239;
414744944;4158707239;42422283;
414746383;42423628;1272562822;
414746383;1272562822;1272562828;
414746383;1272562828;278637756;
414746383;278637756;1272562818;
414746383;1272562818;4158752890;
414746383;4158752890;1272562812;
414746383;1272562812;1272562893;
414746383;1272562893;4158753833;
414746383;4158753833;278638234;
414746383;278638234;278638235;
414746383;278638235;4158753830;
414746383;4158753830;4158753825;
414746383;4158753825;4158753821;
414746383;4158753821;278638237;
414746383;278638237;4158753828;
414746383;4158753828;1272562797;
414746383;1272562797;4158753829;
414746383;4158753829;4158753827;
414746383;4158753827;1272562702;
414746383;1272562702;278638238;
414746383;278638238;4158753822;
414746383;4158753822;4158665079;
414746383;4158665079;42423640;
414746383;42423640;4158665078;
414746383;4158665078;4158665077;
414746383;4158665077;42423647;
414746383;42423647;4158665072;
414746383;4158665072;4158665083;
414746383;4158665083;4158665074;
414746383;4158665074;4158660400;
414746383;4158660400;4158660401;
414746383;4158660401;4158660397;
414746383;4158660397;278608718;
414746820;205025778;4158749895;
414746820;4158749895;497412675;
414746820;497412675;4158707245;
414746820;4158707245;4158707244;
414746820;4158707244;587988061;
414747620;4158760599;3884569947;
414747620;3884569947;42437749;
414749641;1773055862;4158789490;
414749641;4158789490;4158789497;
414749641;4158789497;1773055861;
414749641;1773055861;4158789499;
414749641;4158789499;4158789501;
414749641;4158789501;4158789494;
414749641;4158789494;588751599;
414749641;588751599;4158786456;
414749641;4158786456;42443832;
414749641;42443832;4499408166;
414749641;4499408166;4158786444;
414749641;4158786444;4143875732;
414749641;4143875732;4158786453;
414749641;4158786453;4158786435;
414749641;4158786435;534992385;
414749641;534992385;530286753;
414749642;4158786461;4158786456;
414749642;4158786456;4499408165;
414749642;4499408165;4158786437;
414749642;4158786437;4158786454;
414750042;42437746;3898690210;
414750042;3898690210;4158760609;
414750043;588751662;588751718;
414750043;588751718;588751723;
414750043;588751723;588751728;
414750043;588751728;4158786447;
414750043;4158786447;4158786441;
414750043;4158786441;4158786439;
414750043;4158786439;4158786442;
414750043;4158786442;278639868;
414750044;42437749;1541937951;
414750044;1541937951;1541937939;
414750044;1541937939;42437753;
414750044;42437753;3884569949;
414750044;3884569949;1541937980;
414750044;1541937980;42431992;
414750044;42431992;1541937912;
414750044;1541937912;4158794795;
414750044;4158794795;4158794796;
414750044;4158794796;4382842419;
414750044;4382842419;42437124;
414750044;42437124;4158807599;
414750044;4158807599;4382842420;
414750044;4382842420;4158807603;
414750044;4158807603;2496639020;
414750044;2496639020;42437755;
414750044;42437755;3316834246;
414750044;3316834246;496707003;
414750044;496707003;491776574;
414750044;491776574;3316834250;
414750044;3316834250;42437757;
414750044;42437757;3212472978;
414750044;3212472978;3212472621;
414750044;3212472621;3212472790;
414750044;3212472790;42437760;
420788272;4207000214;4207000220;
420788272;4207000220;4207000226;
420788272;4207000226;4207000227;
420788281;4206998238;4206998237;
420788281;4206998237;4206998239;
420788281;4206998239;4206998238;
420788281;4206998238;4206998241;
420888140;2889562918;4145586920;
420888140;4145586920;1772136805;
420888140;1772136805;3914862593;
420888141;246858654;1772136812;
420888141;1772136812;4145439103;
420888141;4145439103;4207802391;
420888143;4207802391;1772136807;
420888143;1772136807;4145439094;
420888143;4145439094;4145439095;
420888143;4145439095;1772136801;
420888144;4207802392;2034011107;
420888144;2034011107;1772136802;
420888144;1772136802;2034011088;
420888144;2034011088;246923513;
420888145;246923513;4145439090;
420888145;4145439090;1772136800;
420888145;1772136800;4145439097;
420888145;4145439097;1772136804;
420888145;1772136804;246858654;
420888146;3914862593;4145586922;
420888146;4145586922;4145586941;
420888146;4145586941;4145586937;
420888146;4145586937;4145586929;
420888146;4145586929;4145586942;
420888146;4145586942;2012177085;
420888146;2012177085;4145586921;
420888146;4145586921;588546891;
420888147;2821304146;4207802394;
420888148;4207802394;2821304145;
420888149;272195276;4143875752;
420888149;4143875752;4143875757;
420888149;4143875757;2821304139;
420888150;1272562764;4143885425;
420888150;4143885425;278640086;
420888150;278640086;4143885431;
420888150;4143885431;1272562771;
420888150;1272562771;1272562773;
420888150;1272562773;4143885421;
420888150;4143885421;2821304146;
420888151;4207802393;246911576;
420888152;42451370;4207802393;
420888153;4149752689;4149752690;
420888153;4149752690;4149752692;
420888153;4149752692;4149754330;
420888153;4149754330;4149752691;
420888153;4149752691;588593059;
420888154;246909446;2012177079;
420888154;2012177079;2012177083;
420888154;2012177083;4149936249;
420888154;4149936249;2012177064;
420888154;2012177064;4149936226;
420888154;4149936226;42424521;
420890069;205024443;205024444;
420890074;4207806921;3898690202;
420890074;3898690202;3884569931;
420890077;42444277;1541938066;
420890077;1541938066;1541937887;
420890077;1541937887;4207806921;
420890080;42444129;3212472603;
420890080;3212472603;4207806922;
420890085;4207806920;3212472602;
420890085;3212472602;42444123;
420890088;4207806924;42437760;
420890090;42435921;3212677248;
420890090;3212677248;42437757;
420890091;4207806923;1632548813;
420890091;1632548813;4300929357;
420890091;4300929357;42437472;
420890092;205024444;4158644575;
420890092;4158644575;4158644586;
420890092;4158644586;4158644580;
420890092;4158644580;4158644576;
420890092;4158644576;4158645790;
420890092;4158645790;4158644587;
420890092;4158644587;4158644585;
420890092;4158644585;4158645794;
420890092;4158645794;4158644578;
420890092;4158644578;4207806919;
420890093;278608816;4158676992;
420890093;4158676992;4158677001;
420890093;4158677001;1541938103;
420890093;1541938103;4158676999;
420890093;4158676999;278608817;
420890093;278608817;1272562758;
420890093;1272562758;4158677000;
420890093;4158677000;370759312;
421821522;598054722;42499982;
421821527;42519202;3174844148;
421821533;42483438;4625676872;
421821533;4625676872;598054722;
421831216;2034011052;279151952;
421831216;279151952;3754543920;
421831216;3754543920;1772096965;
421831216;1772096965;279151954;
429041291;4281671257;4281671256;
429041291;4281671256;4281671255;
429041291;4281671255;4281671254;
429041291;4281671254;4281671259;
429041291;4281671259;4281671258;
429041293;4281671259;4281671260;
429041293;4281671260;4281671262;
429041293;4281671262;4281671264;
429041293;4281671264;4281671263;
429041293;4281671263;4281671261;
429041293;4281671261;4281671255;
430408061;4296895459;4296895460;
432550255;4158751332;4158752891;
432550256;4158751333;3026465865;
432550257;486819531;4158752889;
432550258;3785499881;370762777;
432550258;370762777;1390643963;
432550259;4158752891;588719108;
432550259;588719108;486819534;
432550260;1754510914;1272540997;
432550260;1272540997;1754510915;
432550260;1754510915;410339469;
438362422;246909454;588593353;
438362423;588593059;3767711210;
438362423;3767711210;246913431;
438363728;42437396;246858431;
438363729;246913431;4145434711;
438363729;4145434711;4145434706;
438363729;4145434706;4145434703;
438363729;4145434703;4207000397;
438363729;4207000397;42446640;
438363729;42446640;42452314;
438363729;42452314;4143835082;
438363729;4143835082;4143835078;
438363729;4143835078;42437396;
438366913;42433229;3898690193;
438366913;3898690193;1538237636;
438366913;1538237636;3815141536;
438366913;3815141536;42444271;
438366913;42444271;42440270;
438899450;246858433;4143835706;
438899450;4143835706;4143835713;
438899450;4143835713;42422028;
439842769;4375208189;1754510914;
439842773;1272562922;3785499881;
439842790;1390643963;1390643951;
439842790;1390643951;1390643955;
439842790;1390643955;1390643962;
439842790;1390643962;4375208203;
440542774;4145794842;42421965;
440542775;42421951;4145794842;
440633370;42492412;42492409;
440633409;4384069443;42497721;
440633419;250451189;42469180;
440633423;42479465;250451189;
440633432;3174844145;598054754;
440633432;598054754;3174844140;
440633435;3174844149;3174844142;
440633435;3174844142;3174844145;
440633442;42519812;42492409;
447018423;42448578;2824895141;
447018423;2824895141;42444414;
447018423;42444414;42453902;
447018423;42453902;4561414146;
447018423;4561414146;42452700;
447018423;42452700;4561414008;
447018423;4561414008;42444230;
451934311;42492409;42469212;
451954038;4487582555;4487582557;
451954038;4487582557;4487582556;
451954039;4487582556;42437768;
451954039;42437768;42437770;
451954039;42437770;42437773;
451954039;42437773;42432000;
451954041;42437763;42435923;
451954041;42435923;42433547;
451954042;42437763;4487582556;
451954043;482807376;4487582557;
451954044;4487582555;42437490;
451954044;42437490;42436563;
451954045;42436563;42437481;
451954045;42437481;3212472772;
451954045;3212472772;3212472606;
451954045;3212472606;3212472989;
451954045;3212472989;42437472;
451954045;42437472;42437466;
451954045;42437466;4121409402;
451954045;4121409402;42437465;
451954045;42437465;588455859;
451954045;588455859;4382842416;
451954045;4382842416;42437128;
452098020;42443928;42436562;
452098020;42436562;42436563;
455501315;42443844;2821304143;
455501322;588545728;42443844;
455501328;2821304145;3942249552;
455501328;3942249552;2821304144;
455501328;2821304144;2821304143;
460581660;2340051732;42493380;
460581660;42493380;1258945562;
460581660;1258945562;1258945548;
460581660;1258945548;1258945448;
460581660;1258945448;42493386;
460581660;42493386;42493390;
460581660;42493390;42493393;
460581660;42493393;42476698;
460581660;42476698;42493399;
460581660;42493399;598202954;
460581660;598202954;598202957;
460581660;598202957;42493400;
460581660;42493400;42493402;
460581660;42493402;42475728;
460581660;42475728;3351006799;
460581660;3351006799;42493403;
460581660;42493403;42493406;
460581660;42493406;42493408;
460581660;42493408;588036471;
460581661;3174844147;2340051732;
460624363;42422038;4741335333;
460624363;4741335333;42422042;
460624365;42422038;4741335331;
460624365;4741335331;4741335330;
460624365;4741335330;42438155;
468016990;598050834;4625701490;
468016990;4625701490;42472734;
468016991;42472734;42472736;
468016992;42472728;2358967531;
468016992;2358967531;4625701489;
468016992;4625701489;598050834;
468016993;42469184;42472725;
468016993;42472725;42472728;
468017915;588036458;4625676870;
468017915;4625676870;4625676873;
468017915;4625676873;4625676871;
468017915;4625676871;4625676872;
474024817;4680481148;4680481149;
474024817;4680481149;4680481150;
474024817;4680481150;4680481151;
474024817;4680481151;4680481152;
480682390;42427236;3809535937;
480682390;3809535937;42427239;
480682391;42459820;4158665075;
480682391;4158665075;42427242;
480682392;42427242;42457311;
480682392;42457311;42430848;
480682392;42430848;4680481157;
480682392;4680481157;42440280;
480682393;42429354;42459819;
480682393;42459819;42459817;
480682393;42459817;42459816;
480682393;42459816;42459764;
480682393;42459764;42459761;
480682393;42459761;42422056;
480682394;42429354;3784197523;
480682394;3784197523;42429353;
480682395;42429353;4015192926;
480682395;4015192926;42427249;
480682395;42427249;4015192925;
480682395;4015192925;42444424;
480682395;42444424;4015192924;
480682395;4015192924;42434418;
480682395;42434418;42429842;
480682395;42429842;4015192923;
480682395;4015192923;42444414;
480682395;42444414;42442107;
480682395;42442107;42444412;
480682395;42444412;4015192922;
480682395;4015192922;42444409;
480682395;42444409;4015192921;
480682395;4015192921;42444407;
480682395;42444407;2186614245;
480682395;2186614245;42444403;
480682395;42444403;1251958257;
480682395;1251958257;42427953;
480682395;42427953;42444391;
480682395;42444391;42444385;
480682395;42444385;42431889;
480682395;42431889;588546894;
480682395;588546894;42444360;
480682395;42444360;1772096967;
480682395;1772096967;42444355;
480682395;42444355;3754543923;
480682395;3754543923;42444353;
480682396;42421960;42421941;
480682397;42456492;42427236;
