1327584583;40.76611;-8.698028;-0.1518092;0.7115029
1327589102;40.76213;-8.699691;-0.1518382;0.7114334
1327589105;40.75721;-8.702091;-0.1518801;0.7113475
1327589177;40.75932;-8.701666;-0.1518727;0.7113843
1327589181;40.76318;-8.69916;-0.151829;0.7114516
1344367106;40.76596;-8.698268;-0.1518134;0.7115002
1344367107;40.76454;-8.70807;-0.1519845;0.7114754
1344367108;40.76463;-8.708979;-0.1520004;0.7114769
1344367112;40.76317;-8.705047;-0.1519317;0.7114515
1344367113;40.7628;-8.705121;-0.151933;0.7114451
1344367115;40.76465;-8.701711;-0.1518735;0.7114773
1344367124;40.7645;-8.701566;-0.151871;0.7114747
1344367127;40.76469;-8.701702;-0.1518734;0.7114781
1344367131;40.76447;-8.705294;-0.151936;0.7114743
1344367132;40.76576;-8.698792;-0.1518226;0.7114968
1344367133;40.76481;-8.701486;-0.1518696;0.7114801
1344367137;40.76456;-8.701319;-0.1518667;0.7114758
1344367140;40.76451;-8.701613;-0.1518718;0.711475
1344367144;40.76284;-8.705078;-0.1519323;0.7114457
1344367145;40.76412;-8.70501;-0.1519311;0.7114681
1344367149;40.76436;-8.708499;-0.151992;0.7114723
1344367152;40.7648;-8.701542;-0.1518705;0.7114801
1344367155;40.7655;-8.698482;-0.1518171;0.7114922
1344367160;40.7646;-8.701699;-0.1518733;0.7114764
1344367161;40.7648;-8.701411;-0.1518683;0.7114799
1344367163;40.76453;-8.708814;-0.1519975;0.7114753
1344367168;40.76479;-8.701595;-0.1518715;0.7114798
1344367175;40.76455;-8.70522;-0.1519348;0.7114756
1344367183;40.7646;-8.708197;-0.1519867;0.7114766
1344367198;40.76302;-8.70538;-0.1519375;0.7114489
1344367204;40.76323;-8.704966;-0.1519303;0.7114525
1344367213;40.76443;-8.703197;-0.1518995;0.7114735
1344367215;40.76455;-8.701666;-0.1518727;0.7114756
1344367217;40.76464;-8.701285;-0.1518661;0.7114772
1344367229;40.76557;-8.698381;-0.1518154;0.7114934
1344367232;40.7641;-8.705099;-0.1519326;0.7114678
1344367236;40.76473;-8.701317;-0.1518666;0.7114788
1344456954;40.76309;-8.709218;-0.1520045;0.7114501
1344456962;40.76307;-8.708572;-0.1519933;0.7114499
1503459173;40.75794;-8.709913;-0.1520167;0.7113603
1503459174;40.75867;-8.709865;-0.1520158;0.7113731
1503459175;40.75866;-8.708689;-0.1519953;0.7113727
1503459178;40.75922;-8.705992;-0.1519482;0.7113827
1503459179;40.75925;-8.708668;-0.1519949;0.711383
1503459181;40.75996;-8.708656;-0.1519947;0.7113955
1503459182;40.75996;-8.705969;-0.1519478;0.7113956
1503459184;40.75999;-8.708655;-0.1519947;0.7113961
1503459186;40.76002;-8.709895;-0.1520163;0.7113966
1503459188;40.76004;-8.711532;-0.1520449;0.7113968
1503459192;40.76023;-8.712513;-0.152062;0.7114003
1503459194;40.76058;-8.700996;-0.151861;0.7114064
1503459195;40.76058;-8.700811;-0.1518578;0.7114064
1503459197;40.76059;-8.701615;-0.1518718;0.7114066
1503459199;40.76061;-8.702501;-0.1518873;0.7114069
1503459201;40.76062;-8.703063;-0.1518971;0.7114071
1503459208;40.76063;-8.703288;-0.151901;0.7114072
1503459209;40.76064;-8.703765;-0.1519094;0.7114074
1503459210;40.76065;-8.705061;-0.151932;0.7114076
1503459211;40.76065;-8.705211;-0.1519346;0.7114076
1503459212;40.76067;-8.705768;-0.1519443;0.7114079
1503459215;40.76067;-8.705962;-0.1519477;0.7114079
1503459222;40.7607;-8.706943;-0.1519648;0.7114084
1503459224;40.7607;-8.707107;-0.1519677;0.7114084
1503459225;40.76073;-8.708639;-0.1519944;0.7114089
1503459226;40.76072;-8.708469;-0.1519915;0.7114089
1503459227;40.76076;-8.70993;-0.152017;0.7114094
1503459228;40.76075;-8.709745;-0.1520137;0.7114093
1503459239;40.7608;-8.705954;-0.1519476;0.7114102
1503459242;40.7615;-8.705929;-0.1519471;0.7114223
1503459243;40.76159;-8.709962;-0.1520175;0.7114239
1503459256;40.76229;-8.705899;-0.1519466;0.7114361
1503459258;40.76231;-8.707189;-0.1519691;0.7114366
1503459260;40.76232;-8.707441;-0.1519735;0.7114366
1503459275;40.76271;-8.707181;-0.151969;0.7114434
1503459277;40.76271;-8.707435;-0.1519734;0.7114436
1503459281;40.76274;-8.708581;-0.1519934;0.711444
1503459285;40.76276;-8.710012;-0.1520184;0.7114444
1503459302;40.76319;-8.705121;-0.151933;0.7114519
1503459311;40.76351;-8.705889;-0.1519464;0.7114575
1503459313;40.76376;-8.706195;-0.1519518;0.7114619
1503459315;40.76406;-8.705097;-0.1519326;0.711467
1503459316;40.76405;-8.705027;-0.1519314;0.711467
1514566338;40.7568;-8.706389;-0.1519552;0.7113404
1514566340;40.75702;-8.705314;-0.1519364;0.7113442
1514566342;40.75717;-8.706254;-0.1519528;0.7113467
1514566346;40.7586;-8.706193;-0.1519517;0.7113718
1514566350;40.75918;-8.703231;-0.1519;0.7113819
1514566352;40.7592;-8.70431;-0.1519189;0.7113822
1514566354;40.75921;-8.705254;-0.1519353;0.7113824
1514566361;40.75922;-8.706169;-0.1519513;0.7113827
1514566363;40.75927;-8.709835;-0.1520153;0.7113835
1514566365;40.75928;-8.710539;-0.1520276;0.7113836
1514566368;40.75931;-8.71092;-0.1520342;0.7113842
1514566371;40.75938;-8.711225;-0.1520396;0.7113853
1514566374;40.75958;-8.711972;-0.1520526;0.7113888
1514566377;40.75973;-8.702631;-0.1518896;0.7113914
1514566380;40.75975;-8.703314;-0.1519015;0.7113919
1514566392;40.75981;-8.711694;-0.1520477;0.7113929
1514566396;40.7599;-8.703774;-0.1519095;0.7113944
1514566398;40.75986;-8.713161;-0.1520733;0.7113938
1514566400;40.76003;-8.710841;-0.1520329;0.7113967
1514566401;40.76054;-8.705209;-0.1519345;0.7114056
1543965603;40.75998;-8.707128;-0.151968;0.7113958
1543965609;40.76035;-8.70865;-0.1519946;0.7114023
1543965611;40.76037;-8.709915;-0.1520167;0.7114027
1543965614;40.76058;-8.707112;-0.1519678;0.7114063
1543965620;40.76128;-8.711439;-0.1520433;0.7114186
1543965621;40.76153;-8.707089;-0.1519674;0.7114229
1543965623;40.76155;-8.708618;-0.1519941;0.7114233
1543965624;40.76158;-8.711429;-0.1520431;0.7114238
1645296048;40.765;-8.701806;-0.1518752;0.7114834
1674743330;40.75718;-8.705764;-0.1519442;0.711347
1674743333;40.75922;-8.705705;-0.1519432;0.7113826
1691777416;40.75651;-8.710154;-0.1520209;0.7113352
1691777420;40.75942;-8.701615;-0.1518718;0.711386
1691777421;40.75812;-8.702704;-0.1518908;0.7113634
1691777425;40.76521;-8.699927;-0.1518424;0.7114871
1691777427;40.75748;-8.709845;-0.1520155;0.7113522
1691777428;40.75658;-8.702786;-0.1518923;0.7113366
1691777430;40.75607;-8.702411;-0.1518857;0.7113276
1691777432;40.75662;-8.70549;-0.1519395;0.7113372
1691777433;40.75623;-8.708763;-0.1519966;0.7113304
1691777435;40.75868;-8.70293;-0.1518948;0.7113732
1691777439;40.76512;-8.699615;-0.1518369;0.7114855
1691777440;40.76003;-8.704279;-0.1519183;0.7113966
1691777445;40.75874;-8.705067;-0.1519321;0.7113742
1691777449;40.75603;-8.702405;-0.1518856;0.711327
1691777452;40.75653;-8.703393;-0.1519029;0.7113357
1691777455;40.76017;-8.702078;-0.1518799;0.7113993
1691777456;40.75769;-8.710923;-0.1520343;0.7113558
1691777463;40.75715;-8.711117;-0.1520377;0.7113465
1691777468;40.75972;-8.702282;-0.1518835;0.7113913
1691777471;40.75691;-8.70532;-0.1519365;0.7113423
1691777477;40.76063;-8.703351;-0.1519021;0.7114072
1691777479;40.7642;-8.700352;-0.1518498;0.7114695
1691777486;40.75668;-8.708611;-0.1519939;0.7113383
1691777489;40.76405;-8.699252;-0.1518306;0.7114668
1691777490;40.75873;-8.704305;-0.1519188;0.711374
1691777493;40.75852;-8.701882;-0.1518765;0.7113704
1691777498;40.76003;-8.704698;-0.1519256;0.7113967
1691777503;40.76109;-8.701552;-0.1518707;0.7114153
1691777504;40.75685;-8.705299;-0.1519361;0.7113413
1691777506;40.76399;-8.698899;-0.1518244;0.7114659
1691777510;40.75736;-8.707127;-0.151968;0.7113501
1691777515;40.75908;-8.701757;-0.1518743;0.7113801
1691777516;40.75721;-8.708526;-0.1519924;0.7113476
1691777517;40.75679;-8.708682;-0.1519952;0.7113401
1691777518;40.75683;-8.705261;-0.1519355;0.7113408
1691777519;40.75862;-8.707101;-0.1519676;0.7113721
1691777521;40.75602;-8.707587;-0.1519761;0.7113267
1691777524;40.75674;-8.711235;-0.1520397;0.7113393
1691777531;40.75566;-8.70585;-0.1519457;0.7113205
1691777534;40.75779;-8.711461;-0.1520437;0.7113577
1691781331;40.75645;-8.702192;-0.1518819;0.7113343
1698582920;40.75805;-8.702689;-0.1518906;0.7113621
1698582932;40.76252;-8.711774;-0.1520491;0.7114402
1698582963;40.76273;-8.705112;-0.1519329;0.7114439
1698582966;40.7648;-8.710609;-0.1520288;0.7114801
1698583007;40.75713;-8.705096;-0.1519326;0.7113461
1698583032;40.76458;-8.711;-0.1520356;0.7114762
1698583041;40.76464;-8.710024;-0.1520186;0.7114772
1698583045;40.76437;-8.711182;-0.1520388;0.7114725
1698583048;40.76261;-8.711761;-0.1520489;0.7114418
1698583050;40.76147;-8.712774;-0.1520666;0.711422
1698583054;40.76234;-8.711863;-0.1520507;0.711437
1698583056;40.76242;-8.711658;-0.1520471;0.7114385
1698583058;40.7574;-8.70326;-0.1519005;0.7113509
1698583060;40.75708;-8.703253;-0.1519004;0.7113453
1698583070;40.76225;-8.71197;-0.1520526;0.7114354
1698583074;40.75739;-8.702733;-0.1518914;0.7113507
1698583078;40.76472;-8.710378;-0.1520248;0.7114786
1698583080;40.75711;-8.704376;-0.15192;0.7113459
1698583083;40.75842;-8.705162;-0.1519337;0.7113686
1698583090;40.7643;-8.708575;-0.1519933;0.7114713
1698583120;40.76458;-8.709644;-0.152012;0.7114762
1698583124;40.75685;-8.702874;-0.1518938;0.7113413
1698583158;40.76468;-8.709738;-0.1520136;0.7114778
1698583167;40.76464;-8.711076;-0.1520369;0.7114773
1698583171;40.76237;-8.711451;-0.1520435;0.7114376
1698583199;40.75686;-8.702754;-0.1518917;0.7113414
1698583202;40.75709;-8.702737;-0.1518914;0.7113454
1698583209;40.75724;-8.70521;-0.1519346;0.711348
1698583216;40.76229;-8.705151;-0.1519335;0.7114361
1698583221;40.76463;-8.709135;-0.1520031;0.7114769
1698583233;40.76441;-8.71128;-0.1520405;0.7114732
1698583257;40.76246;-8.711734;-0.1520484;0.7114391
1698583265;40.76236;-8.711686;-0.1520476;0.7114373
1698583276;40.7574;-8.703126;-0.1518982;0.7113509
1698583302;40.76472;-8.710596;-0.1520286;0.7114787
1698583310;40.7581;-8.704318;-0.151919;0.711363
1698583312;40.75809;-8.704325;-0.1519191;0.7113628
1698583334;40.76255;-8.711899;-0.1520513;0.7114407
1698583341;40.76237;-8.711519;-0.1520447;0.7114376
1698583346;40.76424;-8.708552;-0.1519929;0.7114701
1698583362;40.76234;-8.708591;-0.1519936;0.711437
1698583365;40.75745;-8.705201;-0.1519344;0.7113517
1698583367;40.76441;-8.708626;-0.1519942;0.7114732
1698583371;40.75836;-8.702784;-0.1518922;0.7113675
1698583373;40.76189;-8.712217;-0.1520569;0.7114292
1698583377;40.75718;-8.705181;-0.1519341;0.711347
1698583379;40.7584;-8.704308;-0.1519188;0.7113683
1698583396;40.76476;-8.710833;-0.1520327;0.7114792
1698583399;40.76236;-8.70985;-0.1520156;0.7114373
1698583401;40.7581;-8.705174;-0.151934;0.711363
1698583403;40.76237;-8.712142;-0.1520556;0.7114375
1698583405;40.76237;-8.711308;-0.152041;0.7114376
1698583407;40.76264;-8.711843;-0.1520503;0.7114422
1698583409;40.76455;-8.709256;-0.1520052;0.7114757
1698583411;40.75805;-8.703106;-0.1518978;0.7113621
1698583427;40.76235;-8.711817;-0.1520499;0.7114372
1698583430;40.76244;-8.712013;-0.1520533;0.7114388
1698583433;40.76455;-8.708891;-0.1519988;0.7114756
1698583445;40.7648;-8.710361;-0.1520245;0.71148
1698583473;40.75672;-8.704412;-0.1519206;0.711339
1698583483;40.76468;-8.71079;-0.152032;0.7114779
1698583484;40.75692;-8.70321;-0.1518997;0.7113424
1698583497;40.76186;-8.71232;-0.1520587;0.7114286
1698613800;40.76412;-8.705959;-0.1519476;0.7114681
1698613803;40.76396;-8.70597;-0.1519478;0.7114653
1698613815;40.76418;-8.707329;-0.1519716;0.7114692
1698613838;40.76399;-8.706671;-0.1519601;0.7114659
1698613839;40.76402;-8.706761;-0.1519617;0.7114664
1698613840;40.76527;-8.699939;-0.1518426;0.7114882
1698613842;40.76369;-8.707797;-0.1519797;0.7114606
1698613844;40.76473;-8.701678;-0.1518729;0.7114788
1698613845;40.76449;-8.701513;-0.1518701;0.7114745
1698613846;40.76484;-8.701548;-0.1518707;0.7114807
1698613856;40.76477;-8.701694;-0.1518732;0.7114795
1698613859;40.76453;-8.701358;-0.1518673;0.7114752
1698613861;40.76372;-8.707813;-0.15198;0.7114611
1698613864;40.76477;-8.701236;-0.1518652;0.7114795
1698613866;40.76366;-8.707719;-0.1519784;0.7114601
1698613868;40.76451;-8.701244;-0.1518654;0.711475
1698613870;40.76418;-8.706933;-0.1519646;0.7114691
1698613872;40.76448;-8.705655;-0.1519423;0.7114744
1698613879;40.76447;-8.701169;-0.1518641;0.7114742
1698613881;40.76478;-8.701314;-0.1518666;0.7114796
1698613882;40.7646;-8.708118;-0.1519853;0.7114764
1698613884;40.7649;-8.701678;-0.1518729;0.7114818
1698613886;40.76479;-8.701092;-0.1518627;0.7114798
1698613888;40.7646;-8.701295;-0.1518662;0.7114764
1698613895;40.76454;-8.705299;-0.1519361;0.7114755
1698613896;40.76455;-8.705668;-0.1519426;0.7114756
1698613898;40.76572;-8.698873;-0.151824;0.7114961
1698613901;40.76305;-8.7075;-0.1519746;0.7114494
1698613903;40.76427;-8.706227;-0.1519523;0.7114708
1698613906;40.76469;-8.701292;-0.1518662;0.7114781
1698613908;40.76365;-8.707337;-0.1519717;0.7114598
1698613909;40.76402;-8.706597;-0.1519588;0.7114663
1698613910;40.76489;-8.701754;-0.1518742;0.7114816
1698613911;40.76365;-8.707468;-0.151974;0.7114598
1698613913;40.7645;-8.701409;-0.1518682;0.7114748
1698613914;40.76404;-8.707797;-0.1519797;0.7114667
1698613918;40.76355;-8.70581;-0.151945;0.7114581
1698613919;40.76449;-8.701286;-0.1518661;0.7114746
1698613921;40.76442;-8.705625;-0.1519418;0.7114733
1698613922;40.76372;-8.705672;-0.1519426;0.7114611
1698613928;40.76364;-8.706436;-0.151956;0.7114597
1698613935;40.76363;-8.706659;-0.1519599;0.7114595
1698613939;40.76449;-8.70146;-0.1518691;0.7114746
1698613941;40.76419;-8.707639;-0.151977;0.7114693
1721898072;40.7599;-8.713342;-0.1520765;0.7113944
1721898076;40.76299;-8.703279;-0.1519009;0.7114483
1721898082;40.75887;-8.711334;-0.1520415;0.7113765
1721898087;40.76301;-8.70438;-0.1519201;0.7114487
1721898088;40.76005;-8.713262;-0.1520751;0.7113971
1721898089;40.75869;-8.711226;-0.1520396;0.7113733
1721898096;40.76125;-8.712191;-0.1520564;0.711418
1721898131;40.76126;-8.712287;-0.1520581;0.7114182
1721898159;40.76599;-8.698202;-0.1518123;0.7115008
1721898166;40.76139;-8.712546;-0.1520626;0.7114205
1721898169;40.75991;-8.713223;-0.1520744;0.7113945
1721898178;40.76142;-8.712598;-0.1520635;0.711421
1721898179;40.75851;-8.711056;-0.1520366;0.7113702
1721898185;40.75936;-8.713308;-0.1520759;0.7113851
1721898191;40.7589;-8.71141;-0.1520428;0.711377
1721898200;40.76;-8.713191;-0.1520739;0.7113962
1721898202;40.76004;-8.713226;-0.1520745;0.7113968
1721898204;40.75996;-8.713184;-0.1520738;0.7113956
1721898208;40.7613;-8.71064;-0.1520294;0.7114189
1721898216;40.75926;-8.712877;-0.1520684;0.7113833
1721898220;40.75912;-8.712444;-0.1520608;0.7113809
1721898224;40.76404;-8.704841;-0.1519281;0.7114667
1721898232;40.75878;-8.711237;-0.1520398;0.7113749
1721898251;40.7653;-8.698496;-0.1518174;0.7114887
1721898256;40.75907;-8.712241;-0.1520573;0.71138
1721898263;40.76546;-8.698474;-0.151817;0.7114916
1721898268;40.76005;-8.713332;-0.1520763;0.7113971
1721898279;40.75995;-8.713405;-0.1520776;0.7113954
1721898282;40.76002;-8.713385;-0.1520773;0.7113966
1721898294;40.75882;-8.711267;-0.1520403;0.7113757
1721898299;40.75993;-8.713197;-0.152074;0.711395
1721898315;40.7615;-8.712432;-0.1520606;0.7114224
1721898318;40.75989;-8.713279;-0.1520754;0.7113943
1721898320;40.7593;-8.713159;-0.1520733;0.711384
1721898347;40.75939;-8.713308;-0.1520759;0.7113856
1721898354;40.764;-8.703223;-0.1518999;0.7114661
1721898356;40.75989;-8.713322;-0.1520762;0.7113943
1721898357;40.75915;-8.712539;-0.1520625;0.7113814
1721898360;40.7585;-8.709879;-0.1520161;0.7113699
1721898401;40.75933;-8.713261;-0.1520751;0.7113845
1721898403;40.7594;-8.71361;-0.1520812;0.7113857
1721898462;40.75934;-8.713286;-0.1520755;0.7113847
1721898527;40.76158;-8.710637;-0.1520293;0.7114238
1721898538;40.76003;-8.713209;-0.1520742;0.7113966
1721898540;40.75852;-8.711149;-0.1520382;0.7113704
1721898546;40.76006;-8.713305;-0.1520759;0.7113972
1721898549;40.75854;-8.711195;-0.152039;0.7113708
1721898561;40.75858;-8.711217;-0.1520394;0.7113714
1721898565;40.75993;-8.713396;-0.1520775;0.711395
1721898572;40.75999;-8.713404;-0.1520776;0.711396
1721898590;40.76397;-8.704938;-0.1519298;0.7114655
1721898613;40.7592;-8.712636;-0.1520642;0.7113822
1721898616;40.7599;-8.713246;-0.1520748;0.7113944
1721898618;40.75923;-8.71275;-0.1520662;0.7113828
1721898620;40.76401;-8.704911;-0.1519294;0.7114662
1721898637;40.76165;-8.712453;-0.152061;0.7114251
1721898668;40.75991;-8.713374;-0.1520771;0.7113947
1721946310;40.75806;-8.709329;-0.1520065;0.7113623
1721946313;40.75805;-8.708831;-0.1519978;0.7113621
1721946315;40.75779;-8.708591;-0.1519936;0.7113575
1721946316;40.75835;-8.709285;-0.1520057;0.7113675
1721946318;40.75773;-8.70876;-0.1519965;0.7113566
1721946320;40.75839;-8.708582;-0.1519934;0.7113681
1721946322;40.75834;-8.709369;-0.1520072;0.7113672
1721946324;40.75838;-8.708822;-0.1519976;0.7113679
1721946326;40.75841;-8.708817;-0.1519975;0.7113685
1721946328;40.75808;-8.709391;-0.1520075;0.7113626
1721946335;40.75809;-8.709161;-0.1520035;0.7113628
1721946336;40.75847;-8.708738;-0.1519962;0.7113695
1721946338;40.75845;-8.70878;-0.1519969;0.7113692
1721946340;40.75773;-8.708661;-0.1519948;0.7113566
1721946343;40.75845;-8.708619;-0.1519941;0.7113692
1721946346;40.75843;-8.708806;-0.1519973;0.7113688
1721946347;40.75777;-8.708604;-0.1519938;0.7113572
1721946349;40.75843;-8.708594;-0.1519936;0.7113687
1721946351;40.75835;-8.709327;-0.1520064;0.7113675
1721946352;40.75807;-8.709137;-0.1520031;0.7113625
1721946354;40.75779;-8.708838;-0.1519979;0.7113577
1721946362;40.7581;-8.70941;-0.1520079;0.7113631
1721946364;40.75847;-8.708654;-0.1519947;0.7113695
1721946366;40.75807;-8.709235;-0.1520048;0.7113625
1721946368;40.75813;-8.709197;-0.1520042;0.7113636
1721946369;40.75805;-8.709296;-0.1520059;0.7113622
1721946371;40.75806;-8.709263;-0.1520053;0.7113623
1721946373;40.75805;-8.709062;-0.1520018;0.7113621
1721946374;40.7581;-8.709202;-0.1520042;0.7113631
1721946376;40.75782;-8.708584;-0.1519935;0.7113581
1721946379;40.75848;-8.708696;-0.1519954;0.7113696
1721946389;40.75811;-8.709184;-0.1520039;0.7113631
1721946392;40.75772;-8.708705;-0.1519956;0.7113564
1721946393;40.75774;-8.708796;-0.1519971;0.7113568
1721946396;40.7583;-8.709403;-0.1520078;0.7113666
1721946397;40.75806;-8.709371;-0.1520072;0.7113624
1721946399;40.75814;-8.709413;-0.1520079;0.7113637
1721946401;40.7583;-8.709192;-0.1520041;0.7113665
1721946402;40.75774;-8.708632;-0.1519943;0.7113568
1721946404;40.75777;-8.708824;-0.1519977;0.7113573
1721946405;40.75832;-8.709213;-0.1520045;0.711367
1721946410;40.75806;-8.709352;-0.1520069;0.7113624
1721946412;40.75835;-8.709246;-0.152005;0.7113674
1721946415;40.75809;-8.709213;-0.1520045;0.7113628
1798151684;40.76187;-8.712414;-0.1520603;0.7114288
1798151685;40.7619;-8.712477;-0.1520614;0.7114294
1798153432;40.76539;-8.699106;-0.1518281;0.7114903
1798153434;40.76466;-8.699385;-0.1518329;0.7114775
1798153436;40.76405;-8.699311;-0.1518316;0.711467
1798153446;40.76434;-8.699348;-0.1518323;0.711472
1798153447;40.76513;-8.699263;-0.1518308;0.7114857
1798153448;40.76417;-8.699327;-0.1518319;0.7114689
1798153449;40.76495;-8.699334;-0.151832;0.7114826
1798153450;40.76447;-8.699364;-0.1518325;0.7114742
1798153451;40.76525;-8.699198;-0.1518296;0.7114879
1798153452;40.76457;-8.699377;-0.1518328;0.7114759
1798153453;40.76479;-8.699371;-0.1518327;0.7114797
1798153469;40.76503;-8.699303;-0.1518315;0.7114839
1798153470;40.76507;-8.69945;-0.151834;0.7114847
1798155171;40.76458;-8.701842;-0.1518758;0.7114761
1798155174;40.76456;-8.701958;-0.1518778;0.7114757
1798155175;40.76451;-8.70225;-0.1518829;0.711475
1798155176;40.76453;-8.702106;-0.1518804;0.7114753
1798155177;40.7645;-8.702403;-0.1518856;0.7114747
1798155178;40.7646;-8.701786;-0.1518748;0.7114764
1798155179;40.76462;-8.701751;-0.1518742;0.7114769
1798155181;40.76448;-8.702703;-0.1518908;0.7114744
1798155277;40.76453;-8.704595;-0.1519238;0.7114753
1798155279;40.76453;-8.704525;-0.1519226;0.7114752
1798155281;40.76455;-8.704659;-0.151925;0.7114757
1798155903;40.76453;-8.7017;-0.1518733;0.7114753
1798155906;40.76453;-8.701749;-0.1518742;0.7114753
1798155909;40.76442;-8.702499;-0.1518873;0.7114734
1798155912;40.76444;-8.702335;-0.1518844;0.7114736
1798155916;40.76445;-8.702196;-0.151882;0.7114739
1798155919;40.76442;-8.702714;-0.151891;0.7114733
1798155924;40.76447;-8.702054;-0.1518795;0.7114743
1798155927;40.76449;-8.701955;-0.1518778;0.7114745
1798155929;40.76452;-8.701808;-0.1518752;0.7114751
1798155947;40.76446;-8.704479;-0.1519218;0.711474
1798155951;40.76445;-8.704541;-0.1519229;0.7114739
1798155953;40.7645;-8.701877;-0.1518764;0.7114748
1798156559;40.76443;-8.704621;-0.1519243;0.7114736
1798156560;40.76441;-8.704756;-0.1519267;0.7114732
1798156561;40.76442;-8.704696;-0.1519256;0.7114734
1994618274;40.76112;-8.708034;-0.1519839;0.7114158
1994618277;40.76154;-8.70801;-0.1519834;0.7114232
1994618617;40.76212;-8.709981;-0.1520178;0.7114331
1994618620;40.76208;-8.706902;-0.1519641;0.7114325
1994618623;40.7617;-8.706912;-0.1519643;0.7114258
1994618626;40.7621;-8.7086;-0.1519937;0.7114329
1994619065;40.76152;-8.706911;-0.1519643;0.7114228
1994619252;40.76185;-8.708007;-0.1519834;0.7114285
1994619253;40.76181;-8.706909;-0.1519642;0.7114279
1994620068;40.76005;-8.711602;-0.1520461;0.7113971
1994623629;40.76004;-8.713369;-0.152077;0.7113968
1994623740;40.75986;-8.712266;-0.1520577;0.7113938
1994623741;40.7596;-8.711944;-0.1520521;0.7113892
1994625310;40.76141;-8.710639;-0.1520293;0.7114209
1994625311;40.76141;-8.711349;-0.1520417;0.7114208
1994625389;40.76141;-8.711434;-0.1520432;0.7114207
1994629235;40.7605;-8.713095;-0.1520722;0.711405
1994629236;40.7603;-8.712751;-0.1520662;0.7114013
1994629334;40.76055;-8.713163;-0.1520734;0.7114058
2079057523;40.76104;-8.709947;-0.1520173;0.7114144
2079067703;40.76567;-8.698769;-0.1518221;0.7114952
2079067704;40.76565;-8.698887;-0.1518242;0.7114948
2079067705;40.76558;-8.699048;-0.151827;0.7114936
2079067706;40.76567;-8.698718;-0.1518213;0.7114952
2079067707;40.76567;-8.698668;-0.1518204;0.7114951
2079067708;40.7654;-8.699461;-0.1518342;0.7114905
2079067709;40.76567;-8.698814;-0.151823;0.7114952
2079072869;40.76455;-8.705174;-0.151934;0.7114757
2079072872;40.76457;-8.70511;-0.1519328;0.711476
2079073502;40.76445;-8.705133;-0.1519332;0.7114739
2079073505;40.76446;-8.705185;-0.1519341;0.7114741
2079073508;40.76447;-8.705238;-0.1519351;0.7114742
2079075147;40.76462;-8.704822;-0.1519278;0.7114768
2079075148;40.76459;-8.704782;-0.1519271;0.7114763
2079075149;40.76448;-8.704739;-0.1519264;0.7114745
2079075150;40.76445;-8.704753;-0.1519266;0.7114739
2079075151;40.76446;-8.705074;-0.1519322;0.7114741
2079075152;40.76452;-8.704739;-0.1519264;0.7114751
2079075153;40.76458;-8.70505;-0.1519318;0.7114761
2079075154;40.76463;-8.704867;-0.1519286;0.711477
2079075155;40.76456;-8.704754;-0.1519266;0.7114758
2079075156;40.76442;-8.705048;-0.1519317;0.7114734
2079075157;40.76439;-8.704982;-0.1519306;0.7114727
2079075158;40.76463;-8.704966;-0.1519303;0.711477
2079075159;40.7644;-8.705018;-0.1519312;0.711473
2079075160;40.76461;-8.70501;-0.1519311;0.7114767
2079075161;40.7645;-8.705084;-0.1519324;0.7114748
2079075162;40.76437;-8.704899;-0.1519291;0.7114725
2079075163;40.76437;-8.704942;-0.1519299;0.7114725
2079075164;40.76438;-8.704858;-0.1519284;0.7114726
2079075165;40.76455;-8.705075;-0.1519322;0.7114756
2079075166;40.76459;-8.705058;-0.1519319;0.7114763
2079075167;40.76442;-8.704781;-0.1519271;0.7114733
2079075168;40.76463;-8.704917;-0.1519295;0.711477
2079075367;40.76444;-8.705088;-0.1519324;0.7114736
2079075996;40.76418;-8.704991;-0.1519308;0.7114691
2079075997;40.76425;-8.704943;-0.1519299;0.7114704
2079075998;40.76435;-8.704849;-0.1519283;0.7114722
2079075999;40.76431;-8.704889;-0.151929;0.7114715
2079076005;40.76439;-8.704819;-0.1519278;0.7114729
2079076006;40.76424;-8.70505;-0.1519318;0.7114703
2079076007;40.76421;-8.705064;-0.151932;0.7114696
2079076008;40.76429;-8.705042;-0.1519316;0.711471
2079076009;40.76433;-8.705042;-0.1519316;0.7114717
2079076010;40.76415;-8.705085;-0.1519324;0.7114687
2079076011;40.76437;-8.705042;-0.1519316;0.7114725
2079076035;40.76293;-8.705061;-0.151932;0.7114473
2079076036;40.76294;-8.705139;-0.1519333;0.7114474
2079076037;40.76309;-8.705133;-0.1519332;0.7114502
2079076038;40.763;-8.704975;-0.1519305;0.7114486
2079076039;40.76297;-8.704993;-0.1519308;0.711448
2079076040;40.76295;-8.705174;-0.151934;0.7114478
2079076041;40.76307;-8.705167;-0.1519338;0.7114499
2079076042;40.7631;-8.705053;-0.1519318;0.7114502
2079076043;40.76293;-8.705097;-0.1519326;0.7114473
2079076044;40.76294;-8.705024;-0.1519313;0.7114475
2079076045;40.7631;-8.705096;-0.1519326;0.7114503
2079076046;40.76307;-8.705006;-0.151931;0.7114499
2079076047;40.76303;-8.7052;-0.1519344;0.711449
2079076048;40.76306;-8.70518;-0.1519341;0.7114496
2079076049;40.76304;-8.70498;-0.1519306;0.7114493
2079076050;40.76299;-8.705199;-0.1519344;0.7114484
2079076710;40.76312;-8.705139;-0.1519333;0.7114506
2079076712;40.76308;-8.705154;-0.1519336;0.71145
2079076714;40.76315;-8.705129;-0.1519332;0.7114512
2079077150;40.76313;-8.705037;-0.1519316;0.7114508
2079077626;40.76302;-8.705313;-0.1519364;0.7114489
2079077627;40.76304;-8.705222;-0.1519348;0.7114493
2079077628;40.76303;-8.705259;-0.1519354;0.7114491
2079077671;40.76286;-8.705131;-0.1519332;0.7114461
2079077672;40.76295;-8.705162;-0.1519337;0.7114477
2079077673;40.76291;-8.705142;-0.1519334;0.7114469
2079077678;40.76306;-8.704999;-0.1519309;0.7114496
2079077868;40.76299;-8.704947;-0.15193;0.7114483
2079077870;40.76301;-8.704842;-0.1519281;0.7114488
2079077872;40.76302;-8.70479;-0.1519272;0.7114488
2079077874;40.763;-8.704898;-0.1519291;0.7114485
2079077876;40.76302;-8.704731;-0.1519262;0.7114489
2079077980;40.7629;-8.70505;-0.1519318;0.7114468
2079078048;40.76301;-8.705276;-0.1519357;0.7114488
2079078049;40.763;-8.705235;-0.151935;0.7114486
2079078050;40.76298;-8.70519;-0.1519342;0.7114482
2079078063;40.76302;-8.705345;-0.1519369;0.7114489
2079080647;40.75794;-8.701638;-0.1518722;0.7113602
2079080649;40.75787;-8.701631;-0.1518721;0.711359
2079080651;40.75775;-8.701805;-0.1518752;0.7113569
2079080653;40.75854;-8.701744;-0.1518741;0.7113708
2079080655;40.75779;-8.701668;-0.1518728;0.7113577
2079080657;40.75776;-8.702004;-0.1518786;0.711357
2079080659;40.75783;-8.701641;-0.1518723;0.7113584
2079080661;40.75777;-8.701716;-0.1518736;0.7113572
2079082453;40.75617;-8.702454;-0.1518865;0.7113294
2079082455;40.75611;-8.702424;-0.151886;0.7113283
2079082458;40.75614;-8.702442;-0.1518863;0.7113289
2079083335;40.75612;-8.702594;-0.1518889;0.7113284
2079083337;40.75606;-8.702597;-0.151889;0.7113275
2079083339;40.75618;-8.702594;-0.1518889;0.7113295
2079085400;40.7564;-8.702746;-0.1518916;0.7113334
2079085401;40.75638;-8.702674;-0.1518903;0.711333
2079085402;40.75642;-8.702824;-0.1518929;0.7113338
2079085403;40.75633;-8.702564;-0.1518884;0.7113322
2079085404;40.75636;-8.702612;-0.1518892;0.7113327
2079085548;40.75631;-8.702744;-0.1518915;0.7113318
2079085549;40.75681;-8.7052;-0.1519344;0.7113404
2079085550;40.75653;-8.70384;-0.1519107;0.7113357
2079085551;40.75632;-8.702781;-0.1518922;0.7113321
2079085552;40.75636;-8.702974;-0.1518956;0.7113327
2079085553;40.75628;-8.702668;-0.1518902;0.7113313
2079085554;40.7563;-8.702706;-0.1518909;0.7113316
2079085555;40.75679;-8.705123;-0.1519331;0.7113401
2079085556;40.75626;-8.702641;-0.1518897;0.711331
2079085615;40.75624;-8.702617;-0.1518893;0.7113306
2079085616;40.75621;-8.702468;-0.1518867;0.71133
2079085617;40.75626;-8.702453;-0.1518864;0.711331
2079085618;40.75619;-8.702579;-0.1518887;0.7113297
2079085619;40.75623;-8.702455;-0.1518865;0.7113304
2079085620;40.7563;-8.702489;-0.1518871;0.7113316
2079085621;40.75619;-8.702565;-0.1518884;0.7113296
2079085622;40.75623;-8.702614;-0.1518893;0.7113304
2079085623;40.75621;-8.7026;-0.151889;0.71133
2079085624;40.75618;-8.702532;-0.1518878;0.7113295
2079085625;40.75619;-8.702497;-0.1518872;0.7113296
2079085626;40.75626;-8.702613;-0.1518892;0.711331
2079085627;40.75629;-8.702593;-0.1518889;0.7113314
2079085628;40.75631;-8.70256;-0.1518883;0.7113317
2079085629;40.75631;-8.702522;-0.1518877;0.7113317
2079085630;40.75624;-8.702451;-0.1518864;0.7113305
2079085631;40.75628;-8.702463;-0.1518866;0.7113312
2079085942;40.75641;-8.702202;-0.1518821;0.7113335
2079085943;40.7563;-8.702428;-0.151886;0.7113316
2079085944;40.75631;-8.702339;-0.1518845;0.7113318
2079085945;40.7563;-8.702383;-0.1518852;0.7113317
2079085946;40.75634;-8.702291;-0.1518836;0.7113323
2079085947;40.75637;-8.702239;-0.1518827;0.7113328
2079086115;40.75626;-8.702416;-0.1518858;0.7113308
2079086117;40.75625;-8.702285;-0.1518835;0.7113307
2079086119;40.75623;-8.702234;-0.1518826;0.7113304
2079086121;40.75621;-8.702221;-0.1518824;0.7113301
2079086123;40.75626;-8.702325;-0.1518842;0.711331
2079086125;40.75626;-8.702371;-0.151885;0.711331
2221983157;40.76428;-8.703205;-0.1518996;0.711471
2221983186;40.76519;-8.699852;-0.1518411;0.7114868
2221983252;40.76443;-8.701049;-0.151862;0.7114735
2221983291;40.76058;-8.70038;-0.1518503;0.7114063
2231892557;40.76651;-8.709514;-0.1520097;0.7115098
2231892563;40.76654;-8.709573;-0.1520107;0.7115104
2231892571;40.76659;-8.709632;-0.1520118;0.7115112
2231892583;40.76641;-8.709632;-0.1520118;0.711508
2231892835;40.76486;-8.708553;-0.1519929;0.711481
2231892836;40.76491;-8.708537;-0.1519926;0.7114819
2231892837;40.76481;-8.708581;-0.1519934;0.7114801
2231892838;40.76554;-8.70853;-0.1519925;0.7114928
2231892898;40.76446;-8.708513;-0.1519922;0.711474
2231892899;40.76448;-8.708648;-0.1519946;0.7114744
2231892900;40.76469;-8.708629;-0.1519942;0.7114781
2231892901;40.76446;-8.708606;-0.1519938;0.7114741
2231892902;40.76454;-8.708391;-0.1519901;0.7114754
2231892903;40.76467;-8.708673;-0.151995;0.7114776
2231892904;40.76462;-8.708388;-0.1519901;0.7114768
2231892905;40.76471;-8.708585;-0.1519935;0.7114784
2231892906;40.76463;-8.708705;-0.1519956;0.711477
2231892907;40.7645;-8.708418;-0.1519906;0.7114747
2231892908;40.76459;-8.708718;-0.1519958;0.7114763
2231892909;40.7647;-8.708492;-0.1519919;0.7114783
2231892910;40.76445;-8.70856;-0.1519931;0.7114739
2231892911;40.76458;-8.708381;-0.1519899;0.7114761
2231892912;40.76455;-8.708713;-0.1519957;0.7114756
2231892913;40.76447;-8.708468;-0.1519914;0.7114742
2231892914;40.76471;-8.708538;-0.1519927;0.7114784
2231893291;40.76465;-8.708787;-0.151997;0.7114774
2231893293;40.76463;-8.708889;-0.1519988;0.711477
2231893837;40.76444;-8.708457;-0.1519912;0.7114738
2231893839;40.76449;-8.708431;-0.1519908;0.7114745
2231894025;40.76453;-8.708245;-0.1519876;0.7114753
2231894027;40.76454;-8.708161;-0.1519861;0.7114755
2231894029;40.76452;-8.708335;-0.1519891;0.7114751
2231894397;40.76469;-8.708451;-0.1519911;0.711478
2231894398;40.76462;-8.708275;-0.1519881;0.7114769
2231894399;40.76465;-8.708352;-0.1519894;0.7114773
2231894552;40.76475;-8.708609;-0.1519939;0.7114791
2231894766;40.76474;-8.708461;-0.1519913;0.711479
2231894767;40.76487;-8.708519;-0.1519923;0.7114812
2231894768;40.76481;-8.708484;-0.1519917;0.7114801
2231895628;40.76451;-8.708725;-0.1519959;0.711475
2231896065;40.76479;-8.709409;-0.1520079;0.7114798
2231896067;40.76554;-8.708599;-0.1519937;0.7114928
2231896069;40.76488;-8.708691;-0.1519953;0.7114813
2231896071;40.76545;-8.708688;-0.1519953;0.7114914
2231896073;40.76484;-8.708701;-0.1519955;0.7114806
2231896074;40.7648;-8.708731;-0.151996;0.71148
2231896076;40.76478;-8.70892;-0.1519993;0.7114796
2231896078;40.76478;-8.708825;-0.1519977;0.7114796
2231896080;40.76479;-8.708771;-0.1519967;0.7114797
2231896322;40.76525;-8.708909;-0.1519991;0.7114878
2231896356;40.76553;-8.708176;-0.1519863;0.7114927
2231896936;40.76478;-8.708334;-0.1519891;0.7114797
2231896939;40.76483;-8.708379;-0.1519899;0.7114806
2231896943;40.76487;-8.708176;-0.1519863;0.7114813
2231896947;40.76553;-8.708366;-0.1519897;0.7114928
2231896950;40.7648;-8.708361;-0.1519896;0.7114801
2231896954;40.76487;-8.708382;-0.1519899;0.7114813
2231896957;40.76482;-8.708181;-0.1519864;0.7114804
2231896960;40.76477;-8.708296;-0.1519884;0.7114795
2231896963;40.76477;-8.708226;-0.1519872;0.7114795
2231896965;40.7648;-8.708195;-0.1519867;0.7114799
2231896967;40.76477;-8.708263;-0.1519879;0.7114795
2231898342;40.76592;-8.70876;-0.1519965;0.7114995
2231898344;40.76594;-8.708886;-0.1519987;0.7114998
2231898346;40.76587;-8.708586;-0.1519935;0.7114986
2231898348;40.76589;-8.70864;-0.1519944;0.711499
2231898350;40.76609;-8.709182;-0.1520039;0.7115026
2231898352;40.76565;-8.708532;-0.1519926;0.7114949
2231898354;40.76574;-8.708537;-0.1519926;0.7114964
2231898356;40.76596;-8.708972;-0.1520002;0.7115002
2231898358;40.76591;-8.708691;-0.1519953;0.7114994
2231898360;40.7658;-8.708546;-0.1519928;0.7114974
2231898362;40.76583;-8.708559;-0.151993;0.711498
2231898620;40.76659;-8.709512;-0.1520097;0.7115113
2266363305;40.75678;-8.713634;-0.1520816;0.7113401
2266363306;40.7569;-8.713274;-0.1520753;0.7113421
2266363307;40.75684;-8.713124;-0.1520727;0.711341
2266363308;40.75715;-8.711482;-0.152044;0.7113465
2266363309;40.75704;-8.711927;-0.1520518;0.7113446
2266363310;40.75697;-8.712266;-0.1520577;0.7113433
2266363312;40.75679;-8.71344;-0.1520782;0.7113402
2266363313;40.75688;-8.712979;-0.1520702;0.7113417
2266363314;40.75682;-8.713344;-0.1520765;0.7113408
2266363316;40.75692;-8.712689;-0.1520651;0.7113425
2266363317;40.75695;-8.712464;-0.1520612;0.7113429
2266363318;40.75685;-8.713065;-0.1520717;0.7113413
2266363319;40.75679;-8.713875;-0.1520858;0.7113402
2411171708;40.75982;-8.70375;-0.1519091;0.7113931
2411171710;40.75975;-8.703556;-0.1519057;0.7113919
2411171712;40.75977;-8.703667;-0.1519076;0.7113922
2411171714;40.75985;-8.703771;-0.1519095;0.7113937
2411171716;40.75979;-8.70371;-0.1519084;0.7113926
2411171717;40.75975;-8.703608;-0.1519066;0.7113919
2411175035;40.7606;-8.710109;-0.1520201;0.7114066
2411175036;40.76002;-8.710093;-0.1520198;0.7113966
2411178191;40.7658;-8.6983;-0.151814;0.7114974
2411178206;40.76576;-8.698657;-0.1518202;0.7114968
2411178209;40.76583;-8.698318;-0.1518143;0.711498
2411178211;40.76571;-8.698319;-0.1518143;0.7114958
2411178213;40.76569;-8.69862;-0.1518196;0.7114955
2411178215;40.76587;-8.698596;-0.1518191;0.7114987
2411178217;40.76567;-8.69836;-0.151815;0.7114951
2411178219;40.76576;-8.698298;-0.1518139;0.7114967
2411178221;40.76584;-8.698631;-0.1518198;0.7114982
2411178223;40.76587;-8.69835;-0.1518148;0.7114986
2411178225;40.76589;-8.698393;-0.1518156;0.711499
2411178227;40.76572;-8.698647;-0.15182;0.7114961
2411178229;40.7659;-8.698442;-0.1518165;0.7114992
2411178231;40.76566;-8.698581;-0.1518189;0.711495
2411178233;40.76563;-8.69848;-0.1518171;0.7114945
2411178235;40.7659;-8.69855;-0.1518183;0.7114991
2411178237;40.7658;-8.698652;-0.1518201;0.7114975
2411178239;40.76591;-8.698498;-0.1518174;0.7114993
2411178241;40.76564;-8.698523;-0.1518179;0.7114946
2411178243;40.76565;-8.698397;-0.1518157;0.7114948
2411178245;40.76564;-8.698437;-0.1518164;0.7114946
2411178516;40.76593;-8.698331;-0.1518145;0.7114997
2411178518;40.76591;-8.698375;-0.1518153;0.7114995
2411178831;40.76565;-8.698563;-0.1518186;0.7114949
2411178832;40.7656;-8.69853;-0.151818;0.7114939
2411178833;40.76556;-8.698505;-0.1518176;0.7114932
2411178848;40.76579;-8.698729;-0.1518214;0.7114972
2411178959;40.76569;-8.698331;-0.1518145;0.7114955
2411324074;40.76304;-8.70491;-0.1519293;0.7114493
2411324075;40.76303;-8.704843;-0.1519282;0.711449
2411324076;40.76305;-8.704953;-0.1519301;0.7114494
2411329662;40.76517;-8.701914;-0.151877;0.7114865
2411329666;40.76538;-8.702036;-0.1518792;0.7114902
2411329672;40.76581;-8.702013;-0.1518788;0.7114975
2411329674;40.76569;-8.702048;-0.1518794;0.7114955
2411329675;40.76649;-8.70164;-0.1518723;0.7115095
2411329677;40.76593;-8.701966;-0.151878;0.7114996
2411329678;40.76545;-8.70206;-0.1518796;0.7114912
2411329680;40.7655;-8.702066;-0.1518797;0.7114922
2411329681;40.76558;-8.702065;-0.1518797;0.7114935
2411330085;40.76541;-8.702832;-0.1518931;0.7114906
2411330086;40.76541;-8.702159;-0.1518813;0.7114906
2411330087;40.76541;-8.702046;-0.1518794;0.7114906
2411330365;40.76601;-8.700445;-0.1518514;0.7115011
2411330366;40.76554;-8.699306;-0.1518315;0.7114929
2411330367;40.76578;-8.699839;-0.1518408;0.7114971
2411330368;40.76562;-8.699448;-0.151834;0.7114943
2411521860;40.76582;-8.698243;-0.151813;0.7114978
2411521861;40.76588;-8.698207;-0.1518123;0.7114988
2411521862;40.76594;-8.698164;-0.1518116;0.7114999
2411521863;40.76578;-8.69827;-0.1518134;0.7114971
2411521864;40.76572;-8.698311;-0.1518142;0.711496
2411522432;40.76599;-8.698122;-0.1518109;0.7115007
2411522435;40.76615;-8.697913;-0.1518072;0.7115035
2412169022;40.76117;-8.703532;-0.1519053;0.7114165
2412169023;40.76113;-8.703525;-0.1519052;0.7114159
2412169025;40.76111;-8.703414;-0.1519032;0.7114155
2412169026;40.76112;-8.703503;-0.1519048;0.7114158
2412169027;40.76111;-8.703337;-0.1519019;0.7114155
2412169028;40.76123;-8.703532;-0.1519053;0.7114176
2412169030;40.76175;-8.703506;-0.1519049;0.7114267
2412169031;40.76111;-8.703465;-0.1519041;0.7114156
2412169199;40.76187;-8.703417;-0.1519033;0.7114288
2412169200;40.76186;-8.703456;-0.151904;0.7114287
2412169201;40.76184;-8.703485;-0.1519045;0.7114284
2412169203;40.76182;-8.7035;-0.1519047;0.7114279
2412169204;40.76187;-8.703313;-0.1519015;0.7114288
2412176284;40.75909;-8.702553;-0.1518882;0.7113802
2412176286;40.75914;-8.702766;-0.1518919;0.7113812
2412176288;40.75905;-8.702454;-0.1518865;0.7113796
2412176289;40.75885;-8.702079;-0.1518799;0.7113761
2412176291;40.75916;-8.702883;-0.151894;0.7113814
2412176292;40.75912;-8.702693;-0.1518907;0.7113809
2412176293;40.75896;-8.702252;-0.151883;0.711378
2412176294;40.75861;-8.701864;-0.1518762;0.7113719
2412176296;40.75867;-8.701907;-0.1518769;0.711373
2412176298;40.75901;-8.702344;-0.1518846;0.7113789
2412176299;40.75874;-8.701965;-0.1518779;0.7113742
2412176300;40.7588;-8.702024;-0.151879;0.7113752
2412176302;40.75891;-8.702172;-0.1518816;0.7113773
2412176523;40.75901;-8.701838;-0.1518757;0.7113789
2412176524;40.75899;-8.701907;-0.1518769;0.7113785
2412176525;40.75898;-8.70198;-0.1518782;0.7113784
2412176526;40.75899;-8.702124;-0.1518807;0.7113785
2412176527;40.75903;-8.701792;-0.1518749;0.7113793
2412176528;40.759;-8.702186;-0.1518818;0.7113788
2412176529;40.75898;-8.702049;-0.1518794;0.7113784
2412176530;40.75905;-8.701763;-0.1518744;0.7113796
2412176531;40.75901;-8.702248;-0.1518829;0.7113789
2412176782;40.75904;-8.702375;-0.1518851;0.7113795
2412176786;40.75907;-8.702497;-0.1518872;0.7113799
2412177044;40.75876;-8.701947;-0.1518776;0.7113745
2412177045;40.75879;-8.701823;-0.1518755;0.711375
2412177046;40.75876;-8.701909;-0.151877;0.7113745
2412177048;40.75877;-8.701872;-0.1518763;0.7113746
2412177117;40.75877;-8.701996;-0.1518785;0.7113748
2412177448;40.75913;-8.702726;-0.1518912;0.7113811
2412177449;40.75922;-8.702711;-0.151891;0.7113826
2412177450;40.75918;-8.702717;-0.1518911;0.7113819
2413273650;40.76456;-8.706432;-0.1519559;0.7114758
2413273663;40.76473;-8.706427;-0.1519558;0.7114788
2413273695;40.76472;-8.70544;-0.1519386;0.7114785
2413274299;40.76228;-8.7033;-0.1519012;0.711436
2413274300;40.76228;-8.702583;-0.1518887;0.711436
2413274651;40.76387;-8.703004;-0.1518961;0.7114637
2413274652;40.76351;-8.702515;-0.1518875;0.7114575
2413274653;40.7631;-8.703133;-0.1518983;0.7114504
2413274654;40.76142;-8.702283;-0.1518835;0.711421
2413274655;40.76355;-8.702266;-0.1518832;0.7114581
2413274656;40.76285;-8.702656;-0.15189;0.7114459
2413274657;40.76144;-8.703188;-0.1518993;0.7114213
2413274658;40.76355;-8.702463;-0.1518866;0.7114581
2413274659;40.76286;-8.702231;-0.1518826;0.7114461
2413274660;40.76257;-8.702626;-0.1518895;0.7114411
2413274661;40.76302;-8.702652;-0.1518899;0.711449
2413274662;40.76384;-8.701883;-0.1518765;0.7114633
2413274663;40.76384;-8.703064;-0.1518971;0.7114633
2413274664;40.76293;-8.702656;-0.15189;0.7114473
2413274665;40.763;-8.701905;-0.1518769;0.7114486
2413274666;40.76387;-8.701961;-0.1518779;0.7114637
2413274667;40.76377;-8.703098;-0.1518977;0.711462
2413274668;40.76273;-8.70224;-0.1518827;0.7114438
2413274669;40.76388;-8.702888;-0.151894;0.7114639
2413274670;40.76281;-8.702235;-0.1518827;0.7114452
2413274671;40.76381;-8.701871;-0.1518763;0.7114627
2413274672;40.76388;-8.702956;-0.1518952;0.7114639
2413274673;40.76354;-8.702497;-0.1518872;0.711458
2413274674;40.76381;-8.703085;-0.1518975;0.7114627
2413274675;40.76387;-8.702017;-0.1518788;0.7114637
2413274676;40.76228;-8.703158;-0.1518988;0.711436
2413274677;40.7631;-8.702635;-0.1518896;0.7114503
2413274678;40.76221;-8.702278;-0.1518834;0.7114347
2413274679;40.76189;-8.701974;-0.1518781;0.7114292
2413274680;40.76225;-8.702274;-0.1518833;0.7114354
2413274681;40.76386;-8.701914;-0.151877;0.7114636
2413274682;40.76233;-8.702223;-0.1518824;0.7114369
2413274683;40.76141;-8.702001;-0.1518786;0.7114208
2413274684;40.76265;-8.702249;-0.1518829;0.7114425
2413274685;40.76342;-8.702549;-0.1518881;0.7114558
2413274686;40.76243;-8.702218;-0.1518824;0.7114387
2413274687;40.76237;-8.702214;-0.1518823;0.7114376
2413274688;40.76229;-8.702249;-0.1518829;0.7114362
2413274775;40.76191;-8.702575;-0.1518886;0.7114296
2413274776;40.76189;-8.702652;-0.1518899;0.7114292
2413274777;40.76194;-8.702558;-0.1518883;0.7114301
2413274778;40.76199;-8.702549;-0.1518881;0.7114309
2413274779;40.7619;-8.703047;-0.1518968;0.7114294
2413274780;40.7619;-8.702613;-0.1518892;0.7114294
2413274781;40.76191;-8.703172;-0.151899;0.7114295
2413274798;40.76173;-8.702281;-0.1518835;0.7114263
2413274799;40.76169;-8.702394;-0.1518854;0.7114257
2413274800;40.76166;-8.702558;-0.1518883;0.7114252
2413274801;40.76167;-8.702489;-0.1518871;0.7114254
2413274802;40.76167;-8.703064;-0.1518971;0.7114254
2413274803;40.76168;-8.703179;-0.1518991;0.7114255
2576898011;40.76477;-8.701358;-0.1518673;0.7114795
2576898012;40.7648;-8.701447;-0.1518689;0.7114801
2576898013;40.76477;-8.701642;-0.1518723;0.7114794
2576898305;40.76451;-8.708688;-0.1519953;0.7114749
2576898307;40.76466;-8.708412;-0.1519905;0.7114775
2582006595;40.76283;-8.702212;-0.1518823;0.7114456
3306817196;40.76254;-8.711942;-0.1520521;0.7114405
3306817197;40.76252;-8.711979;-0.1520527;0.7114401
3306817198;40.76237;-8.711779;-0.1520492;0.7114375
3306817199;40.76249;-8.712005;-0.1520532;0.7114396
3306817200;40.76245;-8.712015;-0.1520534;0.711439
3306817201;40.76242;-8.712009;-0.1520533;0.7114384
3306817202;40.76238;-8.711988;-0.1520529;0.7114378
3306817203;40.76236;-8.711954;-0.1520523;0.7114373
3306817204;40.76234;-8.71191;-0.1520515;0.711437
3306817205;40.76239;-8.71175;-0.1520487;0.711438
3306817206;40.76242;-8.711735;-0.1520485;0.7114385
3306817207;40.76249;-8.711747;-0.1520487;0.7114397
3306817208;40.76254;-8.71181;-0.1520498;0.7114406
3306817209;40.76255;-8.711853;-0.1520505;0.7114407
3306817398;40.75554;-8.702248;-0.1518829;0.7113183
3617261242;40.76403;-8.704353;-0.1519196;0.7114666
3617286940;40.76018;-8.712239;-0.1520573;0.7113994
3619151941;40.76106;-8.708631;-0.1519943;0.7114147
3619163496;40.75805;-8.709113;-0.1520027;0.7113622
3619163501;40.75766;-8.70863;-0.1519943;0.7113554
3619163502;40.75726;-8.708763;-0.1519966;0.7113484
3619163851;40.75782;-8.709988;-0.152018;0.7113581
3619163852;40.75771;-8.710028;-0.1520187;0.7113562
3619163853;40.75752;-8.710081;-0.1520196;0.7113529
3619175888;40.75871;-8.703206;-0.1518996;0.7113736
3619175889;40.75837;-8.703218;-0.1518998;0.7113677
3619175890;40.75805;-8.703238;-0.1519002;0.7113622
3619175921;40.75731;-8.70531;-0.1519363;0.7113493
3619175923;40.75868;-8.705151;-0.1519335;0.7113732
3619175925;40.75873;-8.705091;-0.1519325;0.711374
3619175926;40.75872;-8.705112;-0.1519329;0.7113738
3619175927;40.7587;-8.705134;-0.1519333;0.7113735
3619177244;40.75921;-8.70523;-0.1519349;0.7113824
3619182210;40.7592;-8.70429;-0.1519185;0.7113822
3619201943;40.76184;-8.708609;-0.1519939;0.7114283
3619201944;40.76184;-8.709069;-0.1520019;0.7114283
3619201945;40.76185;-8.709971;-0.1520177;0.7114285
3619201946;40.76185;-8.709494;-0.1520093;0.7114285
3619230514;40.75999;-8.708655;-0.1519947;0.7113961
3619260615;40.76303;-8.705885;-0.1519464;0.7114491
3619260616;40.76303;-8.705885;-0.1519464;0.7114491
3619260617;40.76406;-8.706536;-0.1519577;0.7114671
3619260618;40.76372;-8.706145;-0.1519509;0.7114611
3623743761;40.76088;-8.709937;-0.1520171;0.7114115
3626344226;40.75984;-8.712958;-0.1520698;0.7113934
3833135852;40.7587;-8.702989;-0.1518958;0.7113734
3833135855;40.75863;-8.702882;-0.1518939;0.7113723
3833138974;40.757;-8.710029;-0.1520187;0.7113438
3833138975;40.7569;-8.710009;-0.1520183;0.7113421
3833138976;40.75679;-8.711249;-0.15204;0.7113402
3833138977;40.75671;-8.711171;-0.1520386;0.7113387
3833141267;40.7572;-8.711321;-0.1520412;0.7113473
3833189813;40.76265;-8.699394;-0.1518331;0.7114424
3833208954;40.75984;-8.713043;-0.1520713;0.7113934
3833208955;40.75991;-8.713071;-0.1520718;0.7113945
3833211448;40.7597;-8.711829;-0.1520501;0.7113909
3833211451;40.75962;-8.711571;-0.1520456;0.7113895
3833217737;40.76013;-8.712006;-0.1520532;0.7113985
3833217739;40.76038;-8.711943;-0.1520521;0.7114029
3833233845;40.75901;-8.711944;-0.1520521;0.7113789
3833233846;40.75951;-8.711699;-0.1520478;0.7113876
4309581195;40.75697;-8.70726;-0.1519704;0.7113433
4311864280;40.76236;-8.709993;-0.1520181;0.7114374
